Date,Close,High,Low,Open,Volume
2010-05-03,225.0,225.0,196.875,205.3125,23
2010-05-04,233.4375,233.4375,196.875,210.9375,58
2010-05-05,233.4375,233.4375,196.875,233.4375,11
2010-05-06,233.4375,233.4375,225.0,225.0,45
2010-05-07,196.875,196.875,196.875,196.875,13
2010-05-10,168.75,196.875,168.75,196.875,13
2010-05-11,210.9375,210.9375,168.75,168.75,2
2010-05-12,210.9375,210.9375,210.9375,210.9375,0
2010-05-13,196.875,196.875,168.75,168.75,2
2010-05-14,196.875,196.875,196.875,196.875,0
2010-05-17,196.875,196.875,196.875,196.875,0
2010-05-18,196.875,196.875,196.875,196.875,0
2010-05-19,168.75,210.9375,168.75,171.5625,36
2010-05-20,146.25,168.75,146.25,168.75,21
2010-05-21,177.1875,177.1875,140.625,146.25,17
2010-05-24,177.1875,177.1875,177.1875,177.1875,0
2010-05-25,177.1875,177.1875,140.625,140.625,2
2010-05-26,177.1875,182.8125,168.75,168.75,8
2010-05-27,168.75,168.75,168.75,168.75,11
2010-05-28,182.8125,182.8125,140.625,168.75,2
2010-06-01,182.8125,182.8125,140.625,182.8125,5
2010-06-02,182.8125,182.8125,140.625,140.625,4
2010-06-03,168.75,168.75,140.625,140.625,8
2010-06-04,168.75,168.75,168.75,168.75,0
2010-06-07,168.75,168.75,168.75,168.75,0
2010-06-08,182.8125,182.8125,168.75,168.75,6
2010-06-09,177.1875,177.1875,140.625,140.625,1
2010-06-10,140.625,168.75,140.625,140.625,3
2010-06-11,168.75,168.75,168.75,168.75,40
2010-06-14,140.625,168.75,140.625,168.75,20
2010-06-15,140.625,140.625,140.625,140.625,1
2010-06-16,140.625,140.625,140.625,140.625,0
2010-06-17,154.6875,168.75,154.6875,168.75,7
2010-06-18,154.6875,154.6875,154.6875,154.6875,0
2010-06-21,154.6875,154.6875,154.6875,154.6875,4
2010-06-22,154.6875,154.6875,154.6875,154.6875,0
2010-06-23,154.6875,154.6875,154.6875,154.6875,0
2010-06-24,157.5,157.5,157.5,157.5,1
2010-06-25,168.75,168.75,140.625,157.5,3
2010-06-28,140.625,157.5,140.625,157.5,18
2010-06-29,140.625,154.6875,126.5625,129.375,25
2010-06-30,126.5625,126.5625,126.5625,126.5625,4
2010-07-01,126.5625,126.5625,126.5625,126.5625,7
2010-07-02,126.5625,126.5625,126.5625,126.5625,14
2010-07-06,140.625,140.625,126.5625,126.5625,15
2010-07-07,140.625,140.625,140.625,140.625,0
2010-07-08,140.625,140.625,140.625,140.625,6
2010-07-09,140.625,140.625,140.625,140.625,9
2010-07-12,140.625,140.625,140.625,140.625,9
2010-07-13,140.625,140.625,140.625,140.625,0
2010-07-14,126.5625,126.5625,70.3125,104.0625,15
2010-07-15,112.5,112.5,112.5,112.5,0
2010-07-16,112.5,112.5,112.5,112.5,0
2010-07-19,126.5625,140.625,126.5625,140.625,5
2010-07-20,126.5625,126.5625,126.5625,126.5625,9
2010-07-21,126.5625,126.5625,126.5625,126.5625,0
2010-07-22,126.5625,126.5625,126.5625,126.5625,2
2010-07-23,126.5625,126.5625,126.5625,126.5625,0
2010-07-26,126.5625,126.5625,126.5625,126.5625,5
2010-07-27,126.5625,126.5625,126.5625,126.5625,0
2010-07-28,126.5625,126.5625,126.5625,126.5625,0
2010-07-29,126.5625,126.5625,112.5,126.5625,54
2010-07-30,126.5625,126.5625,126.5625,126.5625,1
2010-08-02,112.5,112.5,112.5,112.5,0
2010-08-03,112.5,112.5,112.5,112.5,2
2010-08-04,112.5,112.5,112.5,112.5,4
2010-08-05,126.5625,126.5625,126.5625,126.5625,4
2010-08-06,126.5625,126.5625,126.5625,126.5625,0
2010-08-09,112.5,112.5,112.5,112.5,1
2010-08-10,112.5,112.5,112.5,112.5,2
2010-08-11,112.5,112.5,112.5,112.5,0
2010-08-12,112.5,112.5,112.5,112.5,0
2010-08-13,112.5,112.5,112.5,112.5,0
2010-08-16,112.5,112.5,112.5,112.5,0
2010-08-17,112.5,112.5,112.5,112.5,5
2010-08-18,112.5,112.5,112.5,112.5,2
2010-08-19,112.5,112.5,112.5,112.5,0
2010-08-20,112.5,112.5,112.5,112.5,2
2010-08-23,112.5,112.5,112.5,112.5,0
2010-08-24,112.5,112.5,112.5,112.5,0
2010-08-25,112.5,112.5,112.5,112.5,7
2010-08-26,112.5,112.5,112.5,112.5,0
2010-08-27,112.5,112.5,112.5,112.5,1
2010-08-30,112.5,112.5,112.5,112.5,0
2010-08-31,112.5,112.5,112.5,112.5,1
2010-09-01,84.375,112.5,78.75,112.5,41
2010-09-02,112.5,112.5,98.4375,98.4375,23
2010-09-03,98.4375,109.6875,98.4375,109.6875,4
2010-09-07,92.8125,92.8125,92.8125,92.8125,2
2010-09-08,92.8125,92.8125,92.8125,92.8125,0
2010-09-09,98.4375,98.4375,92.8125,92.8125,4
2010-09-10,90.0,92.8125,90.0,92.8125,28
2010-09-13,90.0,98.4375,90.0,90.0,9
2010-09-14,90.0,90.0,90.0,90.0,1
2010-09-15,90.0,90.0,90.0,90.0,0
2010-09-16,90.0,90.0,90.0,90.0,3
2010-09-17,84.375,90.0,75.9375,90.0,58
2010-09-20,98.4375,98.4375,75.9375,75.9375,2
2010-09-21,75.9375,75.9375,75.9375,75.9375,2
2010-09-22,75.9375,75.9375,75.9375,75.9375,0
2010-09-23,61.875,98.4375,61.875,98.4375,0
2010-09-24,84.375,84.375,84.375,84.375,3
2010-09-27,84.375,84.375,84.375,84.375,0
2010-09-28,98.4375,98.4375,98.4375,98.4375,2
2010-09-29,98.4375,98.4375,98.4375,98.4375,0
2010-09-30,84.375,84.375,84.375,84.375,2
2010-10-01,84.375,84.375,84.375,84.375,0
2010-10-04,56.25,56.25,36.5625,56.25,23
2010-10-05,70.3125,70.3125,70.3125,70.3125,4
2010-10-06,98.4375,98.4375,84.375,84.375,24
2010-10-07,98.4375,98.4375,98.4375,98.4375,0
2010-10-08,73.125,98.4375,70.3125,98.4375,10
2010-10-11,112.5,112.5,73.125,73.125,9
2010-10-12,112.5,112.5,112.5,112.5,0
2010-10-13,84.375,112.5,73.125,73.125,17
2010-10-14,98.4375,98.4375,98.4375,98.4375,9
2010-10-15,112.5,112.5,98.4375,98.4375,10
2010-10-18,56.25,98.4375,56.25,98.4375,163
2010-10-19,56.25,56.25,56.25,56.25,6
2010-10-20,56.25,56.25,56.25,56.25,5
2010-10-21,50.625,56.25,50.625,53.4375,22
2010-10-22,50.625,50.625,42.1875,42.1875,15
2010-10-25,50.625,50.625,50.625,50.625,16
2010-10-26,53.4375,53.4375,47.8125,50.625,35
2010-10-27,61.875,67.5,61.875,61.875,16
2010-10-28,70.3125,70.3125,67.5,67.5,4
2010-10-29,70.3125,70.3125,70.3125,70.3125,6
2010-11-01,61.875,61.875,61.875,61.875,1
2010-11-02,61.875,61.875,61.875,61.875,0
2010-11-03,61.875,61.875,61.875,61.875,0
2010-11-04,75.9375,75.9375,64.6875,64.6875,4
2010-11-05,75.9375,75.9375,67.5,67.5,0
2010-11-08,78.75,98.4375,75.9375,75.9375,36
2010-11-09,84.375,84.375,84.375,84.375,5
2010-11-10,106.875,140.625,84.375,84.375,155
2010-11-11,104.0625,106.875,98.4375,98.4375,23
2010-11-12,61.875,98.4375,61.875,98.4375,2
2010-11-15,61.875,61.875,61.875,61.875,0
2010-11-16,61.875,73.125,61.875,73.125,7
2010-11-17,64.6875,64.6875,64.6875,64.6875,0
2010-11-18,56.25,61.875,56.25,61.875,26
2010-11-19,56.25,56.25,56.25,56.25,0
2010-11-22,56.25,56.25,56.25,56.25,1
2010-11-23,56.25,56.25,56.25,56.25,9
2010-11-24,84.375,84.375,84.375,84.375,0
2010-11-26,84.375,84.375,84.375,84.375,0
2010-11-29,56.25,84.375,56.25,56.25,19
2010-11-30,56.25,56.25,56.25,56.25,0
2010-12-01,56.25,56.25,56.25,56.25,3
2010-12-02,56.25,56.25,56.25,56.25,0
2010-12-03,59.0625,70.3125,56.25,56.25,17
2010-12-06,59.0625,59.0625,59.0625,59.0625,0
2010-12-07,64.6875,64.6875,50.625,50.625,8
2010-12-08,64.6875,64.6875,64.6875,64.6875,4
2010-12-09,47.8125,64.6875,47.8125,64.6875,6
2010-12-10,47.8125,47.8125,47.8125,47.8125,2
2010-12-13,56.25,64.6875,47.8125,64.6875,3
2010-12-14,70.3125,70.3125,47.8125,47.8125,15
2010-12-15,59.0625,59.0625,59.0625,59.0625,2
2010-12-16,70.3125,98.4375,59.0625,59.0625,21
2010-12-17,59.0625,70.3125,56.25,70.3125,5
2010-12-20,61.875,61.875,61.875,61.875,2
2010-12-21,61.875,70.3125,50.625,61.875,11
2010-12-22,61.875,61.875,47.8125,50.625,36
2010-12-23,61.875,70.3125,56.25,56.25,62
2010-12-27,61.875,70.3125,50.625,61.875,16
2010-12-28,45.0,56.25,45.0,45.0,29
2010-12-29,53.4375,56.25,47.8125,56.25,75
2010-12-30,53.4375,53.4375,45.0,45.0,40
2010-12-31,50.625,50.625,50.625,50.625,75
2011-01-03,53.4375,53.4375,53.4375,53.4375,4
2011-01-04,47.8125,47.8125,47.8125,47.8125,0
2011-01-05,47.8125,47.8125,47.8125,47.8125,2
2011-01-06,47.8125,47.8125,47.8125,47.8125,3
2011-01-07,47.8125,47.8125,47.8125,47.8125,0
2011-01-10,92.8125,225.0,56.25,56.25,965
2011-01-11,64.6875,84.375,53.4375,84.375,353
2011-01-12,59.0625,67.5,56.25,61.875,48
2011-01-13,84.375,84.375,56.25,59.0625,23
2011-01-14,67.5,70.3125,59.0625,70.3125,11
2011-01-18,64.6875,64.6875,56.25,59.0625,52
2011-01-19,64.6875,64.6875,56.25,56.25,26
2011-01-20,56.25,56.25,56.25,56.25,20
2011-01-21,53.4375,56.25,53.4375,56.25,42
2011-01-24,70.3125,70.3125,56.25,56.25,25
2011-01-25,61.875,75.9375,61.875,75.9375,18
2011-01-26,61.875,67.5,61.875,67.5,11
2011-01-27,56.25,70.3125,56.25,59.0625,31
2011-01-28,70.3125,70.3125,70.3125,70.3125,5
2011-01-31,84.375,163.125,56.25,56.25,562
2011-02-01,64.6875,84.375,61.875,84.375,86
2011-02-02,73.125,73.125,70.3125,70.3125,54
2011-02-03,78.75,78.75,61.875,70.3125,42
2011-02-04,61.875,67.5,56.25,67.5,24
2011-02-07,70.3125,70.3125,59.0625,59.0625,6
2011-02-08,70.3125,70.3125,70.3125,70.3125,0
2011-02-09,61.875,70.3125,59.0625,70.3125,29
2011-02-10,84.375,84.375,59.0625,59.0625,15
2011-02-11,78.75,81.5625,78.75,81.5625,8
2011-02-14,70.3125,70.3125,70.3125,70.3125,15
2011-02-15,56.25,70.3125,56.25,59.0625,39
2011-02-16,56.25,64.6875,56.25,64.6875,6
2011-02-17,56.25,56.25,56.25,56.25,27
2011-02-18,61.875,61.875,53.4375,56.25,26
2011-02-22,56.25,61.875,53.4375,61.875,53
2011-02-23,53.4375,53.4375,53.4375,53.4375,5
2011-02-24,56.25,56.25,56.25,56.25,49
2011-02-25,64.6875,64.6875,47.8125,53.4375,29
2011-02-28,53.4375,56.25,53.4375,56.25,26
2011-03-01,56.25,56.25,53.4375,53.4375,8
2011-03-02,53.4375,53.4375,53.4375,53.4375,1
2011-03-03,50.625,53.4375,50.625,53.4375,18
2011-03-04,50.625,50.625,50.625,50.625,0
2011-03-07,50.625,50.625,50.625,50.625,16
2011-03-08,50.625,50.625,50.625,50.625,0
2011-03-09,45.0,50.625,42.1875,50.625,138
2011-03-10,39.375,42.1875,39.375,42.1875,18
2011-03-11,45.0,45.0,42.1875,42.1875,31
2011-03-14,45.0,45.0,45.0,45.0,0
2011-03-15,39.375,39.375,39.375,39.375,0
2011-03-16,47.8125,47.8125,42.1875,42.1875,39
2011-03-17,45.0,45.0,45.0,45.0,5
2011-03-18,45.0,45.0,36.5625,42.1875,27
2011-03-21,45.0,45.0,45.0,45.0,23
2011-03-22,42.1875,42.1875,42.1875,42.1875,14
2011-03-23,36.5625,39.375,36.5625,39.375,5
2011-03-24,39.375,39.375,36.5625,36.5625,19
2011-03-25,36.5625,42.1875,36.5625,39.375,36
2011-03-28,36.5625,36.5625,36.5625,36.5625,0
2011-03-29,42.1875,42.1875,42.1875,42.1875,12
2011-03-30,36.5625,42.1875,36.5625,36.5625,29
2011-03-31,39.375,39.375,39.375,39.375,0
2011-04-01,39.375,39.375,39.375,39.375,8
2011-04-04,39.375,39.375,39.375,39.375,7
2011-04-05,42.1875,42.1875,36.5625,39.375,14
2011-04-06,42.1875,42.1875,36.5625,36.5625,13
2011-04-07,42.1875,45.0,36.5625,36.5625,31
2011-04-08,39.375,42.1875,36.5625,36.5625,50
2011-04-11,36.5625,42.1875,36.5625,42.1875,6
2011-04-12,28.125,36.5625,28.125,36.5625,24
2011-04-13,42.1875,42.1875,42.1875,42.1875,25
2011-04-14,33.75,42.1875,33.75,42.1875,24
2011-04-15,42.1875,42.1875,33.75,33.75,6
2011-04-18,42.1875,42.1875,42.1875,42.1875,0
2011-04-19,36.5625,36.5625,36.5625,36.5625,5
2011-04-20,42.1875,42.1875,42.1875,42.1875,13
2011-04-21,42.1875,42.1875,42.1875,42.1875,19
2011-04-25,28.125,47.8125,28.125,28.125,11
2011-04-26,47.8125,47.8125,47.8125,47.8125,0
2011-04-27,42.1875,47.8125,28.125,28.125,14
2011-04-28,42.1875,42.1875,42.1875,42.1875,0
2011-04-29,42.1875,42.1875,42.1875,42.1875,0
2011-05-02,30.9375,42.1875,30.9375,42.1875,4
2011-05-03,45.0,45.0,45.0,45.0,0
2011-05-04,45.0,45.0,45.0,45.0,0
2011-05-05,42.1875,42.1875,42.1875,42.1875,5
2011-05-06,42.1875,42.1875,36.5625,42.1875,9
2011-05-09,30.9375,30.9375,30.9375,30.9375,1
2011-05-10,42.1875,42.1875,42.1875,42.1875,0
2011-05-11,33.75,33.75,33.75,33.75,0
2011-05-12,33.75,33.75,33.75,33.75,0
2011-05-13,30.9375,30.9375,30.9375,30.9375,6
2011-05-16,30.9375,30.9375,30.9375,30.9375,0
2011-05-17,42.1875,42.1875,42.1875,42.1875,4
2011-05-18,39.375,42.1875,39.375,42.1875,10
2011-05-19,39.375,39.375,33.75,33.75,2
2011-05-20,42.1875,42.1875,30.9375,30.9375,3
2011-05-23,42.1875,42.1875,42.1875,42.1875,0
2011-05-24,28.125,47.8125,28.125,30.9375,60
2011-05-25,39.375,39.375,39.375,39.375,0
2011-05-26,36.5625,36.5625,30.9375,30.9375,2
2011-05-27,36.5625,36.5625,36.5625,36.5625,0
2011-05-31,36.5625,42.1875,36.5625,42.1875,0
2011-06-01,36.5625,36.5625,36.5625,36.5625,0
2011-06-02,36.5625,36.5625,36.5625,36.5625,0
2011-06-03,42.1875,42.1875,42.1875,42.1875,0
2011-06-06,42.1875,42.1875,42.1875,42.1875,0
2011-06-07,42.1875,42.1875,42.1875,42.1875,0
2011-06-08,28.125,36.5625,28.125,36.5625,11
2011-06-09,39.375,39.375,39.375,39.375,1
2011-06-10,39.375,39.375,39.375,39.375,0
2011-06-13,39.375,39.375,28.125,28.125,3
2011-06-14,39.375,39.375,39.375,39.375,0
2011-06-15,42.1875,42.1875,42.1875,42.1875,20
2011-06-16,36.5625,47.8125,36.5625,42.1875,55
2011-06-17,30.9375,36.5625,28.125,36.5625,29
2011-06-20,36.5625,36.5625,19.6875,25.3125,26
2011-06-21,36.5625,36.5625,36.5625,36.5625,0
2011-06-22,22.5,22.5,19.6875,19.6875,53
2011-06-23,22.5,22.5,22.5,22.5,5
2011-06-24,22.5,22.5,14.0625,19.6875,131
2011-06-27,22.5,22.5,22.5,22.5,1
2011-06-28,22.5,22.5,22.5,22.5,0
2011-06-29,16.875,22.5,16.875,22.5,18
2011-06-30,16.875,16.875,16.875,16.875,36
2011-07-01,16.875,16.875,16.875,16.875,14
2011-07-05,16.875,16.875,16.875,16.875,2
2011-07-06,16.875,19.6875,16.875,16.875,41
2011-07-07,16.875,16.875,14.0625,16.875,60
2011-07-08,16.875,16.875,16.875,16.875,0
2011-07-11,16.875,16.875,16.875,16.875,0
2011-07-12,16.875,16.875,16.875,16.875,0
2011-07-13,19.6875,19.6875,19.6875,19.6875,0
2011-07-14,19.6875,19.6875,19.6875,19.6875,0
2011-07-15,19.6875,19.6875,19.6875,19.6875,0
2011-07-18,19.6875,19.6875,19.6875,19.6875,0
2011-07-19,5.625,5.625,2.8125,2.8125,18
2011-07-20,9.5625,9.5625,8.4375,8.4375,137
2011-07-21,28.6875,28.6875,28.6875,28.6875,123
2011-07-22,28.6875,84.375,28.6875,56.8125,258
2011-07-25,16.875,16.875,16.875,16.875,11
2011-07-26,14.625,55.125,14.0625,14.0625,165
2011-07-27,14.625,14.625,14.625,14.625,0
2011-07-28,14.625,14.625,14.625,14.625,0
2011-07-29,14.625,14.625,14.625,14.625,0
2011-08-01,14.625,14.625,14.625,14.625,0
2011-08-02,7.3125,7.3125,7.3125,7.3125,2
2011-08-03,7.3125,7.3125,7.3125,7.3125,0
2011-08-04,14.0625,14.0625,14.0625,14.0625,18
2011-08-05,14.0625,14.0625,14.0625,14.0625,0
2011-08-08,14.0625,14.0625,14.0625,14.0625,0
2011-08-09,14.0625,14.0625,14.0625,14.0625,0
2011-08-10,14.0625,14.0625,14.0625,14.0625,0
2011-08-11,14.0625,14.0625,14.0625,14.0625,0
2011-08-12,14.0625,14.0625,14.0625,14.0625,0
2011-08-15,14.0625,50.625,14.0625,50.625,4
2011-08-16,14.0625,14.0625,14.0625,14.0625,28
2011-08-17,14.0625,14.0625,14.0625,14.0625,0
2011-08-18,9.5625,9.5625,9.5625,9.5625,50
2011-08-19,9.5625,9.5625,9.5625,9.5625,0
2011-08-22,9.5625,9.5625,9.5625,9.5625,0
2011-08-23,9.5625,9.5625,9.5625,9.5625,0
2011-08-24,9.5625,9.5625,9.5625,9.5625,0
2011-08-25,9.5625,9.5625,9.5625,9.5625,0
2011-08-26,9.5625,9.5625,9.5625,9.5625,0
2011-08-29,9.5625,9.5625,9.5625,9.5625,0
2011-08-30,9.5625,9.5625,9.5625,9.5625,0
2011-08-31,9.5625,9.5625,9.5625,9.5625,0
2011-09-01,9.5625,9.5625,9.5625,9.5625,0
2011-09-02,8.4375,8.4375,8.4375,8.4375,55
2011-09-06,8.4375,8.4375,8.4375,8.4375,0
2011-09-07,8.4375,8.4375,8.4375,8.4375,0
2011-09-08,8.4375,8.4375,8.4375,8.4375,5
2011-09-09,8.4375,8.4375,8.4375,8.4375,0
2011-09-12,8.4375,8.4375,8.4375,8.4375,34
2011-09-13,8.4375,8.4375,8.4375,8.4375,0
2011-09-14,8.4375,8.4375,8.4375,8.4375,4
2011-09-15,6.75,6.75,6.75,6.75,4
2011-09-16,6.75,6.75,6.75,6.75,0
2011-09-19,6.75,6.75,6.75,6.75,0
2011-09-20,6.75,6.75,6.75,6.75,0
2011-09-21,6.75,6.75,6.75,6.75,0
2011-09-22,6.75,6.75,6.75,6.75,0
2011-09-23,6.75,6.75,6.75,6.75,0
2011-09-26,6.75,6.75,6.75,6.75,21
2011-09-27,6.75,6.75,6.75,6.75,50
2011-09-28,6.75,6.75,6.75,6.75,0
2011-09-29,6.75,6.75,6.75,6.75,0
2011-09-30,6.1875,6.1875,6.1875,6.1875,4
2011-10-03,6.1875,6.1875,6.1875,6.1875,43
2011-10-04,6.1875,6.1875,6.1875,6.1875,0
2011-10-05,6.1875,6.1875,6.1875,6.1875,0
2011-10-06,6.1875,6.1875,6.1875,6.1875,0
2011-10-07,6.1875,6.1875,6.1875,6.1875,0
2011-10-10,6.1875,6.1875,6.1875,6.1875,0
2011-10-11,5.681250095367432,6.1875,5.681250095367432,6.1875,32
2011-10-12,5.681250095367432,5.681250095367432,5.681250095367432,5.681250095367432,0
2011-10-13,5.681250095367432,5.681250095367432,5.681250095367432,5.681250095367432,0
2011-10-14,5.681250095367432,5.681250095367432,5.681250095367432,5.681250095367432,48
2011-10-17,5.681250095367432,5.681250095367432,5.681250095367432,5.681250095367432,0
2011-10-18,5.681250095367432,5.681250095367432,5.681250095367432,5.681250095367432,203
2011-10-19,5.681250095367432,5.681250095367432,5.681250095367432,5.681250095367432,178
2011-10-20,6.75,6.75,5.625,5.625,20
2011-10-21,6.75,6.75,6.75,6.75,18
2011-10-24,6.75,6.75,6.75,6.75,0
2011-10-25,6.1875,6.1875,6.1875,6.1875,380
2011-10-26,3.09375,3.09375,3.09375,3.09375,100
2011-10-27,11.25,11.25,3.206249952316284,6.1875,272
2011-10-28,3.375,3.375,3.375,3.375,5
2011-10-31,3.375,3.375,3.375,3.375,0
2011-11-01,3.375,3.375,3.375,3.375,0
2011-11-02,3.375,3.375,3.375,3.375,0
2011-11-03,3.375,3.375,3.375,3.375,12
2011-11-04,3.375,3.375,3.375,3.375,0
2011-11-07,3.375,3.375,3.375,3.375,4
2011-11-08,3.375,3.375,3.375,3.375,78
2011-11-09,3.375,3.375,3.375,3.375,0
2011-11-10,3.375,3.375,3.375,3.375,0
2011-11-11,3.375,3.375,3.375,3.375,0
2011-11-14,3.375,3.375,3.375,3.375,18
2011-11-15,3.375,3.375,3.375,3.375,0
2011-11-16,3.375,3.375,3.375,3.375,0
2011-11-17,3.375,3.375,3.375,3.375,0
2011-11-18,3.375,3.375,3.375,3.375,7
2011-11-21,3.375,3.375,3.375,3.375,7
2011-11-22,3.375,3.375,3.375,3.375,0
2011-11-23,3.375,3.375,3.375,3.375,5
2011-11-25,3.375,3.375,3.375,3.375,12
2011-11-28,3.375,3.375,3.375,3.375,4
2011-11-29,3.375,3.375,3.375,3.375,0
2011-11-30,3.375,3.375,3.375,3.375,52
2011-12-01,2.8687500953674316,3.375,2.8687500953674316,3.375,20
2011-12-02,2.8687500953674316,2.8687500953674316,2.8687500953674316,2.8687500953674316,0
2011-12-05,2.8687500953674316,2.8687500953674316,2.8687500953674316,2.8687500953674316,12
2011-12-06,3.375,3.375,3.375,3.375,23
2011-12-07,2.8687500953674316,2.8687500953674316,2.8687500953674316,2.8687500953674316,126
2011-12-08,1.743749976158142,1.743749976158142,1.743749976158142,1.743749976158142,44
2011-12-09,1.743749976158142,1.743749976158142,1.743749976158142,1.743749976158142,4
2011-12-12,1.743749976158142,1.743749976158142,1.743749976158142,1.743749976158142,53
2011-12-13,1.743749976158142,1.743749976158142,1.743749976158142,1.743749976158142,0
2011-12-14,1.743749976158142,1.743749976158142,1.743749976158142,1.743749976158142,0
2011-12-15,1.743749976158142,1.743749976158142,1.743749976158142,1.743749976158142,135
2011-12-16,1.743749976158142,1.743749976158142,1.743749976158142,1.743749976158142,773
2011-12-19,1.743749976158142,1.743749976158142,1.743749976158142,1.743749976158142,0
2011-12-20,1.743749976158142,1.743749976158142,1.743749976158142,1.743749976158142,4
2011-12-21,1.743749976158142,1.743749976158142,1.743749976158142,1.743749976158142,174
2011-12-22,1.743749976158142,1.743749976158142,1.743749976158142,1.743749976158142,4
2011-12-23,1.743749976158142,1.743749976158142,1.743749976158142,1.743749976158142,206
2011-12-27,1.743749976158142,1.743749976158142,1.743749976158142,1.743749976158142,20
2011-12-28,1.743749976158142,14.0625,1.743749976158142,14.0625,107
2011-12-29,1.0125000476837158,1.743749976158142,0.956250011920929,1.743749976158142,228
2011-12-30,1.125,1.6875,1.125,1.125,62
2012-01-03,1.125,1.125,1.125,1.125,0
2012-01-04,1.125,1.125,1.125,1.125,0
2012-01-05,1.125,1.125,1.125,1.125,0
2012-01-06,1.125,1.125,1.125,1.125,0
2012-01-09,1.125,1.125,1.125,1.125,0
2012-01-10,2.0250000953674316,2.0250000953674316,2.0250000953674316,2.0250000953674316,7
2012-01-11,2.081249952316284,2.081249952316284,2.081249952316284,2.081249952316284,64
2012-01-12,2.081249952316284,2.081249952316284,2.081249952316284,2.081249952316284,0
2012-01-13,2.081249952316284,2.081249952316284,2.081249952316284,2.081249952316284,0
2012-01-17,2.081249952316284,2.081249952316284,2.081249952316284,2.081249952316284,0
2012-01-18,2.081249952316284,2.081249952316284,2.081249952316284,2.081249952316284,0
2012-01-19,3.375,3.375,3.375,3.375,60
2012-01-20,3.375,3.375,3.375,3.375,0
2012-01-23,3.375,3.375,3.375,3.375,0
2012-01-24,3.375,3.375,3.375,3.375,0
2012-01-25,3.375,3.375,3.375,3.375,0
2012-01-26,3.375,3.375,3.375,3.375,0
2012-01-27,3.375,3.375,3.375,3.375,0
2012-01-30,3.375,3.375,3.375,3.375,0
2012-01-31,3.375,3.375,3.375,3.375,0
2012-02-01,2.53125,2.53125,2.53125,2.53125,4
2012-02-02,2.53125,2.53125,2.53125,2.53125,0
2012-02-03,2.53125,2.53125,2.53125,2.53125,0
2012-02-06,16.875,19.6875,3.825000047683716,3.9375,1675
2012-02-07,18.28125,19.6875,11.25,13.5,2882
2012-02-08,18.28125,19.6875,14.625,19.6875,1301
2012-02-09,19.6875,50.625,16.3125,16.3125,2754
2012-02-10,22.5,22.5,19.6875,19.6875,265
2012-02-13,18.0,36.5625,16.3125,36.5625,1173
2012-02-14,33.1875,33.1875,14.175000190734863,14.737500190734863,30
2012-02-15,19.6875,32.0625,14.625,29.25,3424
2012-02-16,16.875,17.4375,14.0625,14.0625,1698
2012-02-17,24.1875,25.3125,14.0625,16.875,1269
2012-02-21,14.0625,24.1875,11.8125,24.1875,2517
2012-02-22,14.0625,14.625,14.0625,14.0625,503
2012-02-23,11.8125,11.8125,10.125,11.8125,930
2012-02-24,9.5625,9.5625,8.4375,9.5625,1300
2012-02-27,9.5625,9.5625,9.28125,9.28125,350
2012-02-28,11.25,12.824999809265137,11.25,11.25,1259
2012-02-29,9.5625,9.675000190734863,6.525000095367432,9.5625,414
2012-03-01,9.0,9.5625,6.806250095367432,6.806250095367432,78
2012-03-02,7.481249809265137,11.25,7.481249809265137,11.25,92
2012-03-05,7.481249809265137,7.481249809265137,7.481249809265137,7.481249809265137,0
2012-03-06,6.75,8.4375,6.75,8.4375,764
2012-03-07,11.137499809265137,11.137499809265137,11.137499809265137,11.137499809265137,14
2012-03-08,10.40625,10.40625,6.75,6.75,281
2012-03-09,7.3125,10.40625,7.3125,10.40625,277
2012-03-12,7.3125,9.0,7.3125,9.0,560
2012-03-13,7.3125,7.875,7.3125,7.875,702
2012-03-14,5.625,8.4375,5.625,8.4375,2674
2012-03-15,5.625,5.625,5.625,5.625,0
2012-03-16,5.625,5.625,5.625,5.625,0
2012-03-19,5.625,5.625,5.625,5.625,12
2012-03-20,5.625,5.625,5.625,5.625,0
2012-03-21,5.625,5.625,5.625,5.625,4
2012-03-22,5.625,5.625,5.625,5.625,0
2012-03-23,6.1875,6.1875,4.556250095367432,4.556250095367432,21
2012-03-26,6.1875,6.1875,6.1875,6.1875,0
2012-03-27,7.3125,10.40625,6.1875,8.4375,1959
2012-03-28,7.3125,8.4375,7.3125,8.15625,1108
2012-03-29,7.3125,7.3125,7.3125,7.3125,12
2012-03-30,6.75,6.75,6.75,6.75,103
2012-04-02,6.75,7.3125,6.75,7.3125,836
2012-04-03,7.3125,7.3125,6.75,7.3125,462
2012-04-04,6.75,7.3125,6.75,7.3125,96
2012-04-05,6.75,7.3125,6.75,7.3125,356
2012-04-09,6.75,6.75,6.75,6.75,240
2012-04-10,6.75,8.4375,6.75,7.875,1339
2012-04-11,7.3125,7.3125,7.3125,7.3125,43
2012-04-12,6.1875,6.1875,6.1875,6.1875,231
2012-04-13,6.1875,6.75,6.1875,6.1875,2553
2012-04-16,5.625,5.625,5.625,5.625,446
2012-04-17,5.625,5.625,5.625,5.625,0
2012-04-18,5.625,5.625,5.625,5.625,0
2012-04-19,6.75,6.75,6.75,6.75,2
2012-04-20,6.75,6.75,6.75,6.75,160
2012-04-23,6.75,6.75,6.75,6.75,622
2012-04-24,6.1875,6.75,6.1875,6.75,1666
2012-04-25,6.1875,6.75,6.1875,6.1875,676
2012-04-26,6.1875,6.1875,6.1875,6.1875,0
2012-04-27,5.625,5.625,5.625,5.625,213
2012-04-30,6.199999809265137,6.25,6.199999809265137,6.25,4000
2012-05-01,6.199999809265137,6.25,6.199999809265137,6.25,1600
2012-05-02,6.199999809265137,6.199999809265137,6.199999809265137,6.199999809265137,0
2012-05-03,6.199999809265137,6.199999809265137,6.199999809265137,6.199999809265137,0
2012-05-04,6.199999809265137,6.199999809265137,6.199999809265137,6.199999809265137,0
2012-05-07,6.199999809265137,6.199999809265137,6.199999809265137,6.199999809265137,0
2012-05-08,6.199999809265137,6.199999809265137,6.199999809265137,6.199999809265137,0
2012-05-09,6.199999809265137,6.199999809265137,6.199999809265137,6.199999809265137,0
2012-05-10,6.199999809265137,6.199999809265137,6.199999809265137,6.199999809265137,0
2012-05-11,6.199999809265137,6.199999809265137,6.199999809265137,6.199999809265137,0
2012-05-14,6.199999809265137,6.199999809265137,6.199999809265137,6.199999809265137,0
2012-05-15,6.25,6.25,6.25,6.25,200
2012-05-16,6.199999809265137,6.25,6.199999809265137,6.25,2600
2012-05-17,6.25,6.25,6.25,6.25,300
2012-05-18,6.25,6.25,6.25,6.25,0
2012-05-21,6.199999809265137,6.25,6.199999809265137,6.25,1300
2012-05-22,6.199999809265137,6.199999809265137,6.199999809265137,6.199999809265137,0
2012-05-23,6.159999847412109,6.25,6.159999847412109,6.25,2000
2012-05-24,6.159999847412109,6.159999847412109,6.159999847412109,6.159999847412109,0
2012-05-25,6.159999847412109,6.159999847412109,6.159999847412109,6.159999847412109,0
2012-05-29,6.159999847412109,6.159999847412109,6.159999847412109,6.159999847412109,0
2012-05-30,6.159999847412109,6.159999847412109,6.159999847412109,6.159999847412109,0
2012-05-31,6.5,6.5,6.5,6.5,200
2012-06-01,6.5,6.5,6.5,6.5,0
2012-06-04,6.5,6.5,6.5,6.5,0
2012-06-05,6.5,6.5,6.5,6.5,0
2012-06-06,6.5,6.5,6.5,6.5,600
2012-06-07,6.5,6.5,6.5,6.5,0
2012-06-08,6.5,6.5,6.5,6.5,0
2012-06-11,6.449999809265137,6.449999809265137,6.449999809265137,6.449999809265137,100
2012-06-12,6.5,6.5,6.5,6.5,200
2012-06-13,6.5,6.5,6.5,6.5,0
2012-06-14,6.5,6.5,6.5,6.5,0
2012-06-15,6.5,6.5,6.5,6.5,0
2012-06-18,6.5,6.5,6.5,6.5,0
2012-06-19,6.5,6.5,6.5,6.5,0
2012-06-20,6.5,6.5,6.5,6.5,0
2012-06-21,6.5,6.5,6.5,6.5,0
2012-06-22,6.5,6.5,6.5,6.5,0
2012-06-25,6.5,6.5,6.5,6.5,0
2012-06-26,6.5,6.5,6.5,6.5,400
2012-06-27,6.75,6.75,6.75,6.75,600
2012-06-28,6.25,6.75,6.0,6.75,3400
2012-06-29,6.25,6.300000190734863,6.25,6.300000190734863,3800
2012-07-02,6.25,6.25,6.25,6.25,0
2012-07-03,6.25,6.25,6.25,6.25,0
2012-07-05,6.25,6.25,6.25,6.25,0
2012-07-06,6.25,6.25,6.25,6.25,0
2012-07-09,6.25,6.25,6.25,6.25,0
2012-07-10,6.25,6.25,6.25,6.25,0
2012-07-11,6.25,6.25,6.25,6.25,0
2012-07-12,6.25,6.25,4.599999904632568,4.599999904632568,1200
2012-07-13,6.25,6.25,6.25,6.25,0
2012-07-16,6.25,6.25,6.25,6.25,0
2012-07-17,6.25,6.25,6.25,6.25,0
2012-07-18,6.0,6.0,4.0,4.0,2100
2012-07-19,6.25,6.25,6.25,6.25,300
2012-07-20,6.25,6.25,6.25,6.25,0
2012-07-23,6.25,6.25,6.25,6.25,0
2012-07-24,6.25,6.25,6.25,6.25,0
2012-07-25,6.25,6.25,6.25,6.25,0
2012-07-26,6.25,6.25,6.25,6.25,0
2012-07-27,6.25,6.25,6.25,6.25,0
2012-07-30,6.25,6.25,6.25,6.25,0
2012-07-31,6.25,6.25,6.25,6.25,0
2012-08-01,6.25,6.25,6.25,6.25,0
2012-08-02,4.400000095367432,5.25,4.25,5.25,7100
2012-08-03,4.400000095367432,4.5,4.25,4.5,6600
2012-08-06,4.400000095367432,4.400000095367432,4.400000095367432,4.400000095367432,0
2012-08-07,4.400000095367432,4.400000095367432,4.400000095367432,4.400000095367432,0
2012-08-08,3.5,4.0,3.5,3.75,2500
2012-08-09,3.75,3.75,3.75,3.75,200
2012-08-10,3.0,3.75,3.0,3.75,4200
2012-08-13,3.0,3.25,3.0,3.25,2000
2012-08-14,3.0,3.0,3.0,3.0,0
2012-08-15,3.0,3.0,3.0,3.0,0
2012-08-16,3.0,3.0,3.0,3.0,400
2012-08-17,3.0,3.0,3.0,3.0,0
2012-08-20,3.0,3.0,3.0,3.0,0
2012-08-21,3.0,3.0,3.0,3.0,0
2012-08-22,3.0,3.25,2.9000000953674316,3.0,29200
2012-08-23,2.950000047683716,3.0,2.950000047683716,3.0,20000
2012-08-24,2.75,3.0,2.75,2.950000047683716,10700
2012-08-27,2.799999952316284,2.799999952316284,2.7899999618530273,2.799999952316284,4600
2012-08-28,2.5799999237060547,2.75,2.299999952316284,2.549999952316284,13800
2012-08-29,2.6500000953674316,2.6500000953674316,2.6500000953674316,2.6500000953674316,1000
2012-08-30,2.549999952316284,2.549999952316284,2.5,2.5,900
2012-08-31,2.5,2.5,2.5,2.5,500
2012-09-04,2.4700000286102295,2.4700000286102295,2.4700000286102295,2.4700000286102295,3200
2012-09-05,2.299999952316284,2.299999952316284,2.299999952316284,2.299999952316284,6600
2012-09-06,2.299999952316284,2.299999952316284,2.299999952316284,2.299999952316284,0
2012-09-07,2.299999952316284,2.299999952316284,2.299999952316284,2.299999952316284,0
2012-09-10,2.25,2.25,2.25,2.25,100500
2012-09-11,2.25,2.25,2.25,2.25,200000
2012-09-12,2.25,2.25,2.25,2.25,0
2012-09-13,2.25,2.5,2.25,2.299999952316284,22100
2012-09-14,2.259999990463257,2.299999952316284,2.25,2.2799999713897705,8200
2012-09-17,2.25,2.299999952316284,2.25,2.299999952316284,51200
2012-09-18,2.240000009536743,2.299999952316284,2.240000009536743,2.299999952316284,21900
2012-09-19,2.240000009536743,2.240000009536743,2.240000009536743,2.240000009536743,0
2012-09-20,2.299999952316284,2.299999952316284,2.299999952316284,2.299999952316284,100
2012-09-21,2.25,2.299999952316284,2.25,2.299999952316284,4200
2012-09-24,2.25,2.25,2.25,2.25,0
2012-09-25,2.299999952316284,2.299999952316284,2.299999952316284,2.299999952316284,300
2012-09-26,2.299999952316284,2.299999952316284,2.299999952316284,2.299999952316284,300
2012-09-27,2.25,2.299999952316284,2.2300000190734863,2.299999952316284,27700
2012-09-28,2.25,2.299999952316284,2.25,2.299999952316284,1100
2012-10-01,2.25,2.25,2.25,2.25,0
2012-10-02,2.25,2.299999952316284,2.25,2.259999990463257,52000
2012-10-03,2.25,2.259999990463257,2.25,2.259999990463257,19000
2012-10-04,2.25,2.259999990463257,2.25,2.259999990463257,3400
2012-10-05,2.259999990463257,2.259999990463257,2.259999990463257,2.259999990463257,500
2012-10-08,2.259999990463257,2.259999990463257,2.259999990463257,2.259999990463257,500
2012-10-09,2.25,2.2699999809265137,2.25,2.2699999809265137,10900
2012-10-10,2.25,2.25,2.25,2.25,0
2012-10-11,2.25,2.25,2.25,2.25,0
2012-10-12,2.25,2.2699999809265137,2.25,2.2699999809265137,5500
2012-10-15,2.25,2.2699999809265137,2.1500000953674316,2.2699999809265137,29600
2012-10-16,2.25,2.2699999809265137,2.200000047683716,2.240000009536743,30100
2012-10-17,2.2699999809265137,2.2699999809265137,2.25,2.2699999809265137,31400
2012-10-18,2.25,2.2699999809265137,2.25,2.2699999809265137,2800
2012-10-19,2.1600000858306885,2.1600000858306885,2.1600000858306885,2.1600000858306885,200
2012-10-22,2.25,2.25,2.25,2.25,300
2012-10-23,2.1500000953674316,2.1700000762939453,2.1500000953674316,2.1600000858306885,3900
2012-10-24,2.1500000953674316,2.1500000953674316,2.1500000953674316,2.1500000953674316,0
2012-10-25,2.1500000953674316,2.1500000953674316,2.1500000953674316,2.1500000953674316,0
2012-10-26,2.109999895095825,2.109999895095825,2.009999990463257,2.059999942779541,1300
2012-10-31,2.109999895095825,2.109999895095825,2.109999895095825,2.109999895095825,0
2012-11-01,2.0999999046325684,2.0999999046325684,2.0999999046325684,2.0999999046325684,3000
2012-11-02,2.0999999046325684,2.0999999046325684,2.0999999046325684,2.0999999046325684,0
2012-11-05,2.109999895095825,2.109999895095825,2.109999895095825,2.109999895095825,500
2012-11-06,1.9299999475479126,2.0899999141693115,1.850000023841858,2.069999933242798,9200
2012-11-07,1.899999976158142,1.899999976158142,1.899999976158142,1.899999976158142,10500
2012-11-08,2.25,2.257999897003174,1.899999976158142,1.909999966621399,86900
2012-11-09,2.200000047683716,2.299999952316284,2.0999999046325684,2.299999952316284,18200
2012-11-12,2.0999999046325684,2.0999999046325684,2.0999999046325684,2.0999999046325684,5000
2012-11-13,2.25,2.25,2.25,2.25,1000
2012-11-14,2.049999952316284,2.049999952316284,2.049999952316284,2.049999952316284,400
2012-11-15,2.1600000858306885,2.1600000858306885,2.1600000858306885,2.1600000858306885,200
2012-11-16,2.049999952316284,2.0999999046325684,2.049999952316284,2.059999942779541,1800
2012-11-19,2.049999952316284,2.0999999046325684,2.0199999809265137,2.0199999809265137,13200
2012-11-20,2.0799999237060547,2.0799999237060547,2.0799999237060547,2.0799999237060547,2000
2012-11-21,2.049999952316284,2.0799999237060547,2.0399999618530273,2.049999952316284,5500
2012-11-23,2.0999999046325684,2.0999999046325684,2.0399999618530273,2.0399999618530273,1000
2012-11-26,2.0,2.069999933242798,2.0,2.069999933242798,4300
2012-11-27,2.0,2.0,2.0,2.0,2000
2012-11-28,2.0799999237060547,2.0799999237060547,2.0799999237060547,2.0799999237060547,1000
2012-11-29,2.049999952316284,2.0999999046325684,2.049999952316284,2.0799999237060547,27000
2012-11-30,2.0999999046325684,2.0999999046325684,2.0999999046325684,2.0999999046325684,100
2012-12-03,2.0999999046325684,2.0999999046325684,2.0999999046325684,2.0999999046325684,100
2012-12-04,2.0,2.0999999046325684,2.0,2.0,10700
2012-12-05,2.0999999046325684,2.0999999046325684,2.0,2.0,1300
2012-12-06,2.049999952316284,2.049999952316284,1.8200000524520874,2.0,8600
2012-12-07,2.069999933242798,2.0899999141693115,2.049999952316284,2.049999952316284,19100
2012-12-10,2.259999990463257,2.2799999713897705,2.049999952316284,2.049999952316284,60100
2012-12-11,2.240000009536743,2.2699999809265137,2.240000009536743,2.25,15600
2012-12-12,2.25,2.25,2.2200000286102295,2.2200000286102295,4900
2012-12-13,2.25,2.25,2.240000009536743,2.240000009536743,19300
2012-12-14,2.25,2.2699999809265137,2.25,2.25,15900
2012-12-17,2.1600000858306885,2.2699999809265137,2.1600000858306885,2.2699999809265137,5500
2012-12-18,2.1600000858306885,2.2699999809265137,2.1600000858306885,2.25,900
2012-12-19,2.25,2.2799999713897705,2.1500000953674316,2.200000047683716,6400
2012-12-20,2.25,2.2699999809265137,2.25,2.25,47800
2012-12-21,2.5,2.5,2.2899999618530273,2.2899999618530273,25300
2012-12-24,2.859999895095825,2.950000047683716,2.680000066757202,2.680000066757202,79800
2012-12-26,3.5,4.099999904632568,3.009999990463257,3.140000104904175,89500
2012-12-27,3.700000047683716,3.950000047683716,3.490000009536743,3.5,12700
2012-12-28,3.5,3.950000047683716,3.5,3.950000047683716,15000
2012-12-31,3.640000104904175,3.75,3.5999999046325684,3.740000009536743,11200
2013-01-02,3.700000047683716,3.799999952316284,3.700000047683716,3.75,70100
2013-01-03,3.5,3.75,3.490000009536743,3.700000047683716,191500
2013-01-04,4.449999809265137,4.690000057220459,3.549999952316284,3.5899999141693115,481000
2013-01-07,4.800000190734863,5.400000095367432,4.579999923706055,4.579999923706055,912400
2013-01-08,4.800000190734863,5.050000190734863,4.570000171661377,4.860000133514404,426600
2013-01-09,4.75,5.0,4.599999904632568,4.889999866485596,169700
2013-01-10,4.699999809265137,4.849999904632568,4.670000076293945,4.849999904632568,113600
2013-01-11,4.050000190734863,4.5,3.9000000953674316,4.5,461900
2013-01-14,3.8499999046325684,4.0,3.7899999618530273,4.0,120500
2013-01-15,3.799999952316284,3.950000047683716,3.799999952316284,3.890000104904175,85100
2013-01-16,3.5199999809265137,3.799999952316284,3.5199999809265137,3.799999952316284,160400
2013-01-17,3.8499999046325684,3.9000000953674316,3.5899999141693115,3.5899999141693115,135900
2013-01-18,3.9200000762939453,3.9200000762939453,3.8399999141693115,3.8399999141693115,4200
2013-01-22,3.700000047683716,3.9000000953674316,3.6700000762939453,3.9000000953674316,65900
2013-01-23,3.8499999046325684,3.8499999046325684,3.5799999237060547,3.700000047683716,19200
2013-01-24,3.8499999046325684,3.9000000953674316,3.6700000762939453,3.6700000762939453,35100
2013-01-25,3.75,3.819999933242798,3.700000047683716,3.819999933242798,75200
2013-01-28,3.6600000858306885,3.759999990463257,3.5999999046325684,3.759999990463257,275000
2013-01-29,3.680000066757202,3.9000000953674316,3.6500000953674316,3.7300000190734863,18400
2013-01-30,3.6500000953674316,3.700000047683716,3.640000104904175,3.6500000953674316,131200
2013-01-31,3.7100000381469727,3.7899999618530273,3.6700000762939453,3.75,45900
2013-02-01,3.8299999237060547,3.9000000953674316,3.799999952316284,3.809999942779541,206700
2013-02-04,3.875,3.950000047683716,3.8499999046325684,3.8499999046325684,190500
2013-02-05,3.9700000286102295,4.050000190734863,3.880000114440918,3.950000047683716,171800
2013-02-06,3.8299999237060547,3.9800000190734863,3.75,3.950000047683716,66400
2013-02-07,3.7899999618530273,3.8499999046325684,3.7200000286102295,3.8499999046325684,8100
2013-02-08,3.75,3.7899999618530273,3.7300000190734863,3.7899999618530273,7200
2013-02-11,3.700000047683716,3.8499999046325684,3.549999952316284,3.700000047683716,133300
2013-02-12,3.5999999046325684,3.8499999046325684,3.569999933242798,3.8399999141693115,32000
2013-02-13,3.5999999046325684,3.75,3.5950000286102295,3.75,47600
2013-02-14,3.619999885559082,3.700000047683716,3.5999999046325684,3.619999885559082,22700
2013-02-15,3.690000057220459,3.700000047683716,3.609999895095825,3.6500000953674316,61300
2013-02-19,3.8499999046325684,3.8499999046325684,3.6700000762939453,3.700000047683716,126200
2013-02-20,3.8499999046325684,3.890000104904175,3.680000066757202,3.8499999046325684,128400
2013-02-21,3.8499999046325684,3.880000114440918,3.700000047683716,3.8499999046325684,112100
2013-02-22,3.8399999141693115,3.880000114440918,3.799999952316284,3.8499999046325684,116200
2013-02-25,3.859999895095825,3.950000047683716,3.799999952316284,3.9000000953674316,239800
2013-02-26,3.7899999618530273,3.890000104904175,3.75,3.869999885559082,33700
2013-02-27,3.890000104904175,3.890000104904175,3.75,3.819999933242798,5000
2013-02-28,3.8399999141693115,3.8499999046325684,3.799999952316284,3.8499999046325684,19300
2013-03-01,3.890000104904175,3.9000000953674316,3.680000066757202,3.7799999713897705,263200
2013-03-04,3.8499999046325684,3.9000000953674316,3.819999933242798,3.890000104904175,12400
2013-03-05,3.880000114440918,3.9000000953674316,3.7699999809265137,3.8299999237060547,26100
2013-03-06,3.890000104904175,3.9000000953674316,3.880000114440918,3.890000104904175,254200
2013-03-07,3.880000114440918,3.9100000858306885,3.8299999237060547,3.890000104904175,169200
2013-03-08,3.859999895095825,3.9000000953674316,3.799999952316284,3.9000000953674316,133200
2013-03-11,3.950000047683716,4.050000190734863,3.859999895095825,3.9000000953674316,140000
2013-03-12,4.019999980926514,4.090000152587891,3.9000000953674316,3.950000047683716,65400
2013-03-13,4.739999771118164,4.949999809265137,4.0,4.099999904632568,234800
2013-03-14,4.909999847412109,4.989999771118164,4.739999771118164,4.739999771118164,208200
2013-03-15,6.099999904632568,6.300000190734863,4.869999885559082,4.869999885559082,438600
2013-03-18,6.400000095367432,6.730000019073486,5.849999904632568,5.929999828338623,160600
2013-03-19,5.900000095367432,6.400000095367432,5.650000095367432,6.400000095367432,63600
2013-03-20,6.239999771118164,6.400000095367432,5.260000228881836,5.900000095367432,76200
2013-03-21,6.0,6.25,5.599999904632568,6.25,26400
2013-03-22,5.75,6.0,5.5,5.929999828338623,41500
2013-03-25,5.239999771118164,5.800000190734863,5.190000057220459,5.75,102200
2013-03-26,5.300000190734863,5.489999771118164,5.150000095367432,5.199999809265137,69600
2013-03-27,5.25,5.300000190734863,5.25,5.25,14000
2013-03-28,5.400000095367432,5.420000076293945,5.25,5.269999980926514,34400
2013-04-01,5.650000095367432,5.699999809265137,5.400000095367432,5.449999809265137,66400
2013-04-02,5.900000095367432,6.099999904632568,5.670000076293945,5.670000076293945,49100
2013-04-03,5.929999828338623,6.050000190734863,5.820000171661377,5.820000171661377,83800
2013-04-04,5.849999904632568,6.0,5.849999904632568,5.949999809265137,3600
2013-04-05,5.800000190734863,6.0,5.599999904632568,5.980000019073486,21200
2013-04-08,5.75,5.75,5.25,5.75,12500
2013-04-09,5.840000152587891,5.840000152587891,5.650000095367432,5.699999809265137,12200
2013-04-10,5.840000152587891,5.840000152587891,5.75,5.800000190734863,7800
2013-04-11,5.800000190734863,5.840000152587891,5.789999961853027,5.840000152587891,4000
2013-04-12,6.0,6.0,5.699999809265137,5.760000228881836,17800
2013-04-15,5.800000190734863,6.050000190734863,5.650000095367432,6.0,31000
2013-04-16,6.0,6.130000114440918,5.789999961853027,5.789999961853027,52400
2013-04-17,6.0,6.150000095367432,5.760000228881836,6.019999980926514,10700
2013-04-18,6.0,6.059999942779541,6.0,6.059999942779541,1200
2013-04-19,6.0,6.0,5.920000076293945,5.989999771118164,27500
2013-04-22,6.0,6.0,5.849999904632568,5.900000095367432,14700
2013-04-23,6.119999885559082,6.119999885559082,5.900000095367432,5.900000095367432,18300
2013-04-24,5.800000190734863,6.239999771118164,5.760000228881836,6.139999866485596,37800
2013-04-25,6.0,6.050000190734863,5.889999866485596,5.889999866485596,21600
2013-04-26,5.800000190734863,6.0,5.789999961853027,6.0,11800
2013-04-29,5.260000228881836,5.900000095367432,5.199999809265137,5.800000190734863,88200
2013-04-30,5.400000095367432,5.699999809265137,5.309999942779541,5.559999942779541,29700
2013-05-01,5.5,5.599999904632568,5.5,5.5,3900
2013-05-02,5.579999923706055,5.599999904632568,5.400000095367432,5.449999809265137,8500
2013-05-03,5.579999923706055,5.599999904632568,5.5,5.550000190734863,5600
2013-05-06,5.599999904632568,5.599999904632568,5.550000190734863,5.579999923706055,67300
2013-05-07,5.639999866485596,5.699999809265137,5.5,5.650000095367432,11200
2013-05-08,5.739999771118164,5.989999771118164,5.639999866485596,5.639999866485596,13300
2013-05-09,5.699999809265137,5.800000190734863,5.510000228881836,5.75,53000
2013-05-10,5.75,5.75,5.650000095367432,5.739999771118164,24900
2013-05-13,5.75,5.75,5.699999809265137,5.739999771118164,9600
2013-05-14,5.539999961853027,5.75,4.949999809265137,5.75,71800
2013-05-15,5.639999866485596,5.739999771118164,5.559999942779541,5.559999942779541,7600
2013-05-16,5.449999809265137,5.5,5.210000038146973,5.5,26200
2013-05-17,5.400000095367432,5.449999809265137,5.25,5.400000095367432,3900
2013-05-20,5.699999809265137,5.75,5.445000171661377,5.449999809265137,67900
2013-05-21,5.650000095367432,5.71999979019165,5.599999904632568,5.710000038146973,19000
2013-05-22,5.480000019073486,5.670000076293945,5.059999942779541,5.650000095367432,121000
2013-05-23,5.519999980926514,5.519999980926514,5.429999828338623,5.429999828338623,5200
2013-05-24,5.599999904632568,5.650000095367432,5.550000190734863,5.579999923706055,5200
2013-05-28,6.258999824523926,6.5,5.5,5.519999980926514,233100
2013-05-29,6.570000171661377,6.880000114440918,6.210000038146973,6.269999980926514,117400
2013-05-30,6.25,7.050000190734863,5.25,7.050000190734863,228000
2013-05-31,6.400000095367432,7.25,6.051000118255615,7.25,87300
2013-06-03,6.25,6.989999771118164,6.099999904632568,6.989999771118164,165600
2013-06-04,6.090000152587891,6.309999942779541,5.820000171661377,6.300000190734863,127800
2013-06-05,5.949999809265137,6.03000020980835,5.820000171661377,5.829999923706055,71200
2013-06-06,6.0,6.010000228881836,5.849999904632568,6.0,63800
2013-06-07,6.050000190734863,6.210000038146973,5.949999809265137,6.099999904632568,108400
2013-06-10,6.389999866485596,6.5,5.900000095367432,6.090000152587891,68400
2013-06-11,6.260000228881836,6.289999961853027,6.1529998779296875,6.289999961853027,105300
2013-06-12,6.25,6.25,6.019999980926514,6.019999980926514,91300
2013-06-13,6.300000190734863,6.300000190734863,6.099999904632568,6.25,62700
2013-06-14,6.289999961853027,6.309999942779541,6.25,6.300000190734863,59800
2013-06-17,6.46999979019165,6.579999923706055,6.289999961853027,6.300000190734863,200100
2013-06-18,7.190000057220459,7.300000190734863,6.46999979019165,6.5,485500
2013-06-19,7.210000038146973,7.309999942779541,6.860000133514404,7.25,243300
2013-06-20,7.489999771118164,7.75,7.0,7.099999904632568,305000
2013-06-21,6.619999885559082,7.590000152587891,6.519999980926514,7.510000228881836,276700
2013-06-24,6.300000190734863,6.769999980926514,6.019999980926514,6.679999828338623,173300
2013-06-25,6.25,6.690000057220459,6.050000190734863,6.289999961853027,57500
2013-06-26,6.199999809265137,6.519999980926514,6.150000095367432,6.21999979019165,72800
2013-06-27,6.300000190734863,6.329999923706055,6.119999885559082,6.179999828338623,70300
2013-06-28,6.389999866485596,6.53000020980835,6.150000095367432,6.329999923706055,1490000
2013-07-01,6.630000114440918,6.650000095367432,6.400000095367432,6.53000020980835,87600
2013-07-02,6.599999904632568,6.639999866485596,6.53000020980835,6.599999904632568,81800
2013-07-03,6.5,6.585000038146973,6.360000133514404,6.360000133514404,35300
2013-07-05,6.460000038146973,6.650000095367432,6.260000228881836,6.650000095367432,81200
2013-07-08,6.28000020980835,6.449999809265137,6.150000095367432,6.269999980926514,98600
2013-07-09,6.130000114440918,6.400000095367432,6.110000133514404,6.150000095367432,67800
2013-07-10,6.590000152587891,6.599999904632568,6.099999904632568,6.099999904632568,69900
2013-07-11,6.75,6.790999889373779,6.434000015258789,6.639999866485596,67900
2013-07-12,6.809999942779541,7.070000171661377,6.679999828338623,6.71999979019165,90300
2013-07-15,6.460000038146973,6.940000057220459,6.239999771118164,6.789999961853027,156400
2013-07-16,6.630000114440918,6.730000019073486,6.25,6.400000095367432,70500
2013-07-17,6.869999885559082,6.869999885559082,6.570000171661377,6.630000114440918,59800
2013-07-18,6.159999847412109,6.5,6.150000095367432,6.25,683800
2013-07-19,6.309999942779541,6.5,6.159999847412109,6.159999847412109,246200
2013-07-22,6.21999979019165,6.400000095367432,6.139999866485596,6.380000114440918,299500
2013-07-23,6.25,6.309999942779541,6.150000095367432,6.25,191700
2013-07-24,6.21999979019165,6.300000190734863,6.199999809265137,6.25,145400
2013-07-25,6.269999980926514,6.300000190734863,6.179999828338623,6.179999828338623,146900
2013-07-26,6.170000076293945,6.46999979019165,6.170000076293945,6.199999809265137,143900
2013-07-29,6.179999828338623,6.25,6.159999847412109,6.199999809265137,94600
2013-07-30,6.230000019073486,6.289999961853027,6.159999847412109,6.159999847412109,52200
2013-07-31,6.110000133514404,6.309999942779541,6.03000020980835,6.159999847412109,284900
2013-08-01,6.230000019073486,6.300000190734863,6.019999980926514,6.130000114440918,122000
2013-08-02,6.070000171661377,6.300000190734863,6.03000020980835,6.239999771118164,125500
2013-08-05,6.019999980926514,6.110000133514404,5.900000095367432,6.099999904632568,231100
2013-08-06,6.050000190734863,6.150000095367432,5.889999866485596,6.0,88700
2013-08-07,6.070000171661377,6.130000114440918,5.869999885559082,6.050000190734863,83900
2013-08-08,5.909999847412109,6.179999828338623,5.880000114440918,6.070000171661377,149600
2013-08-09,5.849999904632568,5.940000057220459,5.800000190734863,5.889999866485596,50100
2013-08-12,5.710000038146973,5.860000133514404,5.619999885559082,5.860000133514404,172500
2013-08-13,5.440000057220459,5.75,5.300000190734863,5.690000057220459,133000
2013-08-14,5.559999942779541,5.619999885559082,5.389999866485596,5.420000076293945,61100
2013-08-15,5.710000038146973,5.900000095367432,5.460000038146973,5.460000038146973,132100
2013-08-16,5.789999961853027,5.989999771118164,5.489999771118164,5.710000038146973,70800
2013-08-19,5.760000228881836,5.920000076293945,5.71999979019165,5.889999866485596,77800
2013-08-20,5.630000114440918,5.78000020980835,5.400000095367432,5.78000020980835,43800
2013-08-21,5.5,5.706999778747559,5.480000019073486,5.630000114440918,45300
2013-08-22,5.659999847412109,5.679999828338623,5.480000019073486,5.480000019073486,35100
2013-08-23,5.920000076293945,5.980000019073486,5.570000171661377,5.670000076293945,33400
2013-08-26,5.829999923706055,6.019999980926514,5.809999942779541,5.949999809265137,135100
2013-08-27,5.708000183105469,5.869999885559082,5.639999866485596,5.809999942779541,90400
2013-08-28,5.800000190734863,6.013999938964844,5.547999858856201,5.75,79100
2013-08-29,5.960000038146973,6.0,5.730000019073486,5.820000171661377,120700
2013-08-30,6.019999980926514,6.019999980926514,5.610000133514404,5.949999809265137,109500
2013-09-03,5.880000114440918,6.050000190734863,5.829999923706055,6.050000190734863,100800
2013-09-04,5.880000114440918,5.96999979019165,5.78000020980835,5.900000095367432,98000
2013-09-05,6.039999961853027,6.039999961853027,5.820000171661377,5.900000095367432,165400
2013-09-06,6.25,6.389999866485596,5.96999979019165,6.070000171661377,422000
2013-09-09,6.320000171661377,6.400000095367432,6.150000095367432,6.309999942779541,263800
2013-09-10,6.230000019073486,6.480000019073486,6.210000038146973,6.320000171661377,144800
2013-09-11,6.320000171661377,6.389999866485596,6.184000015258789,6.230000019073486,84500
2013-09-12,6.300000190734863,6.349999904632568,6.170000076293945,6.329999923706055,75500
2013-09-13,6.300000190734863,6.320000171661377,5.5,6.320000171661377,169300
2013-09-16,6.190000057220459,6.360000133514404,6.099999904632568,6.360000133514404,94000
2013-09-17,6.340000152587891,6.369999885559082,6.099999904632568,6.170000076293945,108000
2013-09-18,6.289999961853027,6.329999923706055,6.190000057220459,6.329999923706055,154500
2013-09-19,6.369999885559082,6.389999866485596,6.199999809265137,6.300000190734863,227800
2013-09-20,6.28000020980835,6.449999809265137,6.25,6.380000114440918,467400
2013-09-23,6.309999942779541,6.389999866485596,5.699999809265137,6.300000190734863,166200
2013-09-24,6.199999809265137,6.340000152587891,6.150000095367432,6.340000152587891,258800
2013-09-25,6.119999885559082,6.360000133514404,6.059999942779541,6.190000057220459,81200
2013-09-26,6.070000171661377,6.269999980926514,5.909999847412109,6.110000133514404,250200
2013-09-27,5.610000133514404,6.133999824523926,5.559999942779541,6.099999904632568,251500
2013-09-30,5.039999961853027,5.599999904632568,5.010000228881836,5.599999904632568,517900
2013-10-01,5.159999847412109,5.230000019073486,5.010000228881836,5.110000133514404,234300
2013-10-02,5.03000020980835,5.239999771118164,4.949999809265137,5.130000114440918,478400
2013-10-03,4.769999980926514,5.059999942779541,4.550000190734863,5.0,390000
2013-10-04,4.730000019073486,4.849999904632568,4.690000057220459,4.739999771118164,142200
2013-10-07,4.460000038146973,4.869999885559082,4.409999847412109,4.71999979019165,222400
2013-10-08,4.360000133514404,4.570000171661377,4.099999904632568,4.46999979019165,279100
2013-10-09,4.090000152587891,4.380000114440918,4.070000171661377,4.360000133514404,98400
2013-10-10,4.320000171661377,4.400000095367432,4.099999904632568,4.130000114440918,163800
2013-10-11,4.599999904632568,4.760000228881836,4.260000228881836,4.400000095367432,208100
2013-10-14,4.610000133514404,4.659999847412109,4.260000228881836,4.550000190734863,336000
2013-10-15,4.590000152587891,4.699999809265137,4.465000152587891,4.679999828338623,217300
2013-10-16,4.619999885559082,4.75,4.559999942779541,4.599999904632568,91300
2013-10-17,4.650000095367432,4.75,4.550000190734863,4.590000152587891,122400
2013-10-18,4.760000228881836,4.820000171661377,4.630000114440918,4.699999809265137,141500
2013-10-21,4.550000190734863,4.739999771118164,4.480000019073486,4.739999771118164,210400
2013-10-22,4.5,4.559999942779541,4.460000038146973,4.559999942779541,382600
2013-10-23,4.449999809265137,4.53000020980835,4.360000133514404,4.480000019073486,131200
2013-10-24,4.400000095367432,4.519999980926514,4.349999904632568,4.449999809265137,349000
2013-10-25,3.990000009536743,4.46999979019165,3.9000000953674316,4.429999828338623,431000
2013-10-28,3.6500000953674316,3.9600000381469727,2.9700000286102295,3.869999885559082,1382800
2013-10-29,3.690000057220459,3.75,3.4000000953674316,3.75,298200
2013-10-30,3.625,3.690000057220459,3.5,3.5399999618530273,196800
2013-10-31,3.609999895095825,3.7300000190734863,3.509999990463257,3.609999895095825,112100
2013-11-01,4.099999904632568,4.159999847412109,3.5899999141693115,3.5899999141693115,374300
2013-11-04,3.9700000286102295,4.198999881744385,3.9000000953674316,4.099999904632568,163900
2013-11-05,3.994999885559082,4.179999828338623,3.880000114440918,4.179999828338623,93900
2013-11-06,4.199999809265137,4.539999961853027,4.099999904632568,4.360000133514404,197400
2013-11-07,4.130000114440918,4.199999809265137,3.9700000286102295,4.119999885559082,283500
2013-11-08,4.139999866485596,4.179999828338623,4.0320000648498535,4.119999885559082,477200
2013-11-11,3.8499999046325684,4.119999885559082,3.809999942779541,4.119999885559082,144100
2013-11-12,3.609999895095825,3.88100004196167,3.569999933242798,3.880000114440918,209700
2013-11-13,3.5899999141693115,3.7899999618530273,3.319999933242798,3.569999933242798,213400
2013-11-14,3.450000047683716,3.740000009536743,3.4200000762939453,3.5999999046325684,143700
2013-11-15,3.3499999046325684,3.509999990463257,3.25,3.4000000953674316,218400
2013-11-18,3.1700000762939453,3.5,3.049999952316284,3.369999885559082,213200
2013-11-19,3.2899999618530273,3.4000000953674316,3.109999895095825,3.180000066757202,140900
2013-11-20,3.4600000381469727,3.5799999237060547,3.309999942779541,3.309999942779541,98800
2013-11-21,3.4100000858306885,3.5799999237060547,3.315000057220459,3.490000009536743,144600
2013-11-22,3.6700000762939453,3.700000047683716,3.440000057220459,3.5,138200
2013-11-25,3.990000009536743,4.199999809265137,3.5999999046325684,3.700000047683716,385700
2013-11-26,4.28000020980835,4.349999904632568,3.990000009536743,4.0,302600
2013-11-27,4.519999980926514,4.75,4.239999771118164,4.28000020980835,298100
2013-11-29,4.409999847412109,4.599999904632568,4.349999904632568,4.53000020980835,101900
2013-12-02,4.46999979019165,4.734000205993652,4.300000190734863,4.400000095367432,192400
2013-12-03,4.300000190734863,4.489999771118164,4.059999942779541,4.489999771118164,222300
2013-12-04,4.070000171661377,4.400000095367432,4.019999980926514,4.320000171661377,168800
2013-12-05,4.309999942779541,4.340000152587891,3.8949999809265137,4.070000171661377,93100
2013-12-06,4.159999847412109,4.630000114440918,4.090000152587891,4.53000020980835,110200
2013-12-09,3.9000000953674316,4.380000114440918,3.8499999046325684,4.179999828338623,201800
2013-12-10,3.490000009536743,4.210000038146973,3.4000000953674316,4.210000038146973,406000
2013-12-11,3.4600000381469727,3.509999990463257,3.3399999141693115,3.4800000190734863,173500
2013-12-12,3.690000057220459,3.8399999141693115,3.503999948501587,3.509999990463257,251200
2013-12-13,3.569999933242798,3.809999942779541,3.509999990463257,3.799999952316284,131700
2013-12-16,3.759999990463257,3.7899999618530273,3.5209999084472656,3.569999933242798,137000
2013-12-17,3.5799999237060547,3.7300000190734863,3.559999942779541,3.7300000190734863,72800
2013-12-18,3.630000114440918,3.690000057220459,3.5280001163482666,3.609999895095825,56800
2013-12-19,3.5899999141693115,3.700000047683716,3.5299999713897705,3.630000114440918,47400
2013-12-20,3.75,3.9100000858306885,3.609999895095825,3.609999895095825,281500
2013-12-23,3.740000009536743,3.799999952316284,3.5999999046325684,3.75,135500
2013-12-24,3.869999885559082,3.9260001182556152,3.671999931335449,3.740000009536743,107500
2013-12-26,3.8399999141693115,3.875,3.7799999713897705,3.859999895095825,114100
2013-12-27,3.799999952316284,3.9049999713897705,3.680000066757202,3.859999895095825,191400
2013-12-30,3.8299999237060547,3.8399999141693115,3.690000057220459,3.799999952316284,159800
2013-12-31,3.9000000953674316,4.039999961853027,3.7100000381469727,3.8399999141693115,199600
2014-01-02,4.099999904632568,4.119999885559082,3.8299999237060547,3.9600000381469727,81400
2014-01-03,4.329999923706055,4.349999904632568,4.119999885559082,4.119999885559082,201600
2014-01-06,4.210000038146973,4.349999904632568,4.110000133514404,4.349999904632568,76500
2014-01-07,4.179999828338623,4.349999904632568,4.099999904632568,4.110000133514404,85400
2014-01-08,4.130000114440918,4.289999961853027,3.9100000858306885,4.159999847412109,159200
2014-01-09,4.210000038146973,4.289999961853027,4.019999980926514,4.150000095367432,138600
2014-01-10,4.269999980926514,4.400000095367432,4.099999904632568,4.230000019073486,318700
2014-01-13,4.340000152587891,4.579999923706055,4.199999809265137,4.28000020980835,244700
2014-01-14,4.769999980926514,4.849999904632568,4.389999866485596,4.449999809265137,410000
2014-01-15,5.099999904632568,5.179999828338623,4.75,4.849999904632568,409900
2014-01-16,5.010000228881836,5.179999828338623,4.909999847412109,5.130000114440918,196100
2014-01-17,4.940000057220459,5.090000152587891,4.888000011444092,5.019999980926514,179200
2014-01-21,5.099999904632568,5.150000095367432,4.940000057220459,4.940000057220459,161500
2014-01-22,5.130000114440918,5.139999866485596,5.0,5.110000133514404,213600
2014-01-23,5.369999885559082,5.400000095367432,5.050000190734863,5.090000152587891,302900
2014-01-24,5.539999961853027,5.669000148773193,5.2820000648498535,5.449999809265137,393500
2014-01-27,5.380000114440918,5.639999866485596,5.269999980926514,5.599999904632568,471000
2014-01-28,5.690000057220459,5.690000057220459,5.281000137329102,5.400000095367432,356300
2014-01-29,5.760000228881836,5.880000114440918,5.579999923706055,5.659999847412109,270300
2014-01-30,6.139999866485596,6.150000095367432,5.630000114440918,5.789999961853027,336400
2014-01-31,6.0,6.11899995803833,5.789999961853027,6.070000171661377,253600
2014-02-03,6.03000020980835,6.110000133514404,5.829999923706055,6.079999923706055,213500
2014-02-04,5.809999942779541,6.150000095367432,5.75,5.960000038146973,196300
2014-02-05,5.480000019073486,5.811999797821045,5.139999866485596,5.75,393400
2014-02-06,5.559999942779541,5.775000095367432,5.460000038146973,5.480000019073486,133500
2014-02-07,5.599999904632568,5.739999771118164,5.340000152587891,5.570000171661377,164000
2014-02-10,5.820000171661377,5.849999904632568,5.429999828338623,5.639999866485596,155100
2014-02-11,5.650000095367432,5.849999904632568,5.599999904632568,5.789999961853027,123000
2014-02-12,5.579999923706055,5.900000095367432,5.550000190734863,5.659999847412109,282000
2014-02-13,5.630000114440918,5.7829999923706055,5.329999923706055,5.519999980926514,247400
2014-02-14,5.599999904632568,5.710000038146973,5.400000095367432,5.710000038146973,119300
2014-02-18,5.909999847412109,5.949999809265137,5.559999942779541,5.710000038146973,279600
2014-02-19,5.739999771118164,5.929999828338623,5.650000095367432,5.920000076293945,186700
2014-02-20,5.739999771118164,5.929999828338623,5.670000076293945,5.769999980926514,280300
2014-02-21,5.590000152587891,5.860000133514404,5.539999961853027,5.78000020980835,182700
2014-02-24,6.0,6.050000190734863,5.559999942779541,5.590000152587891,499800
2014-02-25,5.809999942779541,6.079999923706055,5.739999771118164,6.039999961853027,214300
2014-02-26,6.349999904632568,6.400000095367432,5.849999904632568,5.909999847412109,503700
2014-02-27,6.769999980926514,7.316999912261963,6.349999904632568,6.349999904632568,887400
2014-02-28,6.599999904632568,7.059999942779541,6.401000022888184,6.789999961853027,319900
2014-03-03,6.599999904632568,6.859000205993652,6.300000190734863,6.5,194100
2014-03-04,6.840000152587891,7.079999923706055,6.659999847412109,6.659999847412109,208300
2014-03-05,6.920000076293945,7.050000190734863,6.71999979019165,6.849999904632568,248300
2014-03-06,6.829999923706055,7.289999961853027,6.760000228881836,6.920000076293945,273100
2014-03-07,6.900000095367432,7.190000057220459,6.849999904632568,6.869999885559082,223300
2014-03-10,6.599999904632568,6.840000152587891,6.369999885559082,6.829999923706055,222600
2014-03-11,6.710000038146973,6.949999809265137,6.570000171661377,6.570000171661377,181900
2014-03-12,7.400000095367432,7.849999904632568,7.0,7.0,499200
2014-03-13,7.550000190734863,8.020000457763672,7.369999885559082,7.389999866485596,558600
2014-03-14,7.590000152587891,7.6539998054504395,7.150000095367432,7.590000152587891,358000
2014-03-17,7.239999771118164,7.840000152587891,7.21999979019165,7.579999923706055,204200
2014-03-18,7.300000190734863,7.659999847412109,7.119999885559082,7.25,356500
2014-03-19,7.309999942779541,7.741000175476074,7.119999885559082,7.519999980926514,417700
2014-03-20,7.239999771118164,7.590000152587891,7.130000114440918,7.260000228881836,159500
2014-03-21,6.96999979019165,7.3460001945495605,6.820000171661377,7.25,428500
2014-03-24,6.940000057220459,6.989999771118164,6.25,6.980000019073486,424600
2014-03-25,6.699999809265137,7.170000076293945,6.690000057220459,6.96999979019165,236100
2014-03-26,6.429999828338623,6.921999931335449,6.400000095367432,6.710000038146973,233400
2014-03-27,6.590000152587891,6.849999904632568,6.099999904632568,6.449999809265137,149700
2014-03-28,6.510000228881836,6.840000152587891,6.409999847412109,6.570000171661377,196000
2014-03-31,6.900000095367432,7.070000171661377,6.420000076293945,6.519999980926514,432200
2014-04-01,7.045000076293945,7.190000057220459,6.71999979019165,6.789999961853027,248000
2014-04-02,6.880000114440918,7.050000190734863,6.800000190734863,7.050000190734863,209300
2014-04-03,6.659999847412109,7.044000148773193,6.440000057220459,6.909999847412109,217200
2014-04-04,6.179999828338623,6.894000053405762,6.0,6.670000076293945,313900
2014-04-07,6.239999771118164,6.510000228881836,6.079999923706055,6.130000114440918,167600
2014-04-08,6.260000228881836,6.550000190734863,6.099999904632568,6.21999979019165,283900
2014-04-09,6.710000038146973,6.769999980926514,6.119999885559082,6.309999942779541,191600
2014-04-10,6.139999866485596,6.679999828338623,5.889999866485596,6.679999828338623,256600
2014-04-11,5.5,6.28000020980835,5.380000114440918,6.059999942779541,325600
2014-04-14,5.489999771118164,5.760000228881836,5.25,5.519999980926514,287000
2014-04-15,5.329999923706055,5.53000020980835,4.590000152587891,5.480000019073486,438100
2014-04-16,5.130000114440918,5.5279998779296875,4.989999771118164,5.340000152587891,182200
2014-04-17,5.269999980926514,5.400000095367432,4.889999866485596,5.150000095367432,112800
2014-04-21,5.510000228881836,5.619999885559082,4.915999889373779,5.269999980926514,152500
2014-04-22,5.820000171661377,6.119999885559082,5.309999942779541,5.550000190734863,182400
2014-04-23,5.159999847412109,5.78000020980835,5.099999904632568,5.78000020980835,233900
2014-04-24,5.139999866485596,5.5,4.699999809265137,5.159999847412109,378100
2014-04-25,4.699999809265137,5.130000114440918,4.619999885559082,5.099999904632568,243500
2014-04-28,5.150000095367432,5.267000198364258,4.670000076293945,4.690000057220459,201600
2014-04-29,5.079999923706055,5.449999809265137,4.940000057220459,5.150000095367432,144000
2014-04-30,5.329999923706055,5.369999885559082,4.926000118255615,5.039999961853027,158200
2014-05-01,5.369999885559082,5.679999828338623,5.110000133514404,5.289999961853027,169800
2014-05-02,5.289999961853027,5.429999828338623,5.179999828338623,5.409999847412109,90600
2014-05-05,5.5,5.550000190734863,5.119999885559082,5.230000019073486,62500
2014-05-06,5.349999904632568,5.5,5.300000190734863,5.449999809265137,104500
2014-05-07,4.840000152587891,5.510000228881836,4.760000228881836,5.329999923706055,240000
2014-05-08,4.809999942779541,5.699999809265137,4.809999942779541,5.050000190734863,170800
2014-05-09,4.579999923706055,4.900000095367432,4.449999809265137,4.78000020980835,214100
2014-05-12,4.809999942779541,5.0,4.510000228881836,4.559999942779541,209700
2014-05-13,4.739999771118164,5.320000171661377,4.730000019073486,4.75,366200
2014-05-14,4.510000228881836,4.940000057220459,4.5,4.690000057220459,286600
2014-05-15,5.079999923706055,5.150000095367432,4.5,4.710000038146973,221300
2014-05-16,5.090000152587891,5.369999885559082,4.71999979019165,5.059999942779541,217200
2014-05-19,4.949999809265137,5.306000232696533,4.800000190734863,5.070000171661377,168400
2014-05-20,4.829999923706055,5.230000019073486,4.71999979019165,4.960000038146973,259500
2014-05-21,4.679999828338623,4.900000095367432,4.420000076293945,4.880000114440918,268100
2014-05-22,5.329999923706055,5.5,4.730000019073486,5.019999980926514,395500
2014-05-23,5.349999904632568,5.460000038146973,5.039999961853027,5.309999942779541,309900
2014-05-27,6.099999904632568,6.38700008392334,5.510000228881836,5.53000020980835,793000
2014-05-28,6.159999847412109,6.320000171661377,5.78000020980835,6.110000133514404,277500
2014-05-29,6.269999980926514,6.321000099182129,5.96999979019165,6.199999809265137,276000
2014-05-30,6.53000020980835,6.570000171661377,6.150000095367432,6.320000171661377,312200
2014-06-02,6.650000095367432,6.96999979019165,6.46999979019165,6.590000152587891,275700
2014-06-03,6.480000019073486,6.650000095367432,6.25,6.650000095367432,244800
2014-06-04,6.489999771118164,6.739999771118164,6.429999828338623,6.480000019073486,171100
2014-06-05,6.449999809265137,6.699999809265137,6.340000152587891,6.539999961853027,234000
2014-06-06,6.5,6.664000034332275,6.25,6.460000038146973,243300
2014-06-09,6.800000190734863,7.0,6.46999979019165,6.46999979019165,281400
2014-06-10,6.610000133514404,6.849999904632568,6.449999809265137,6.800000190734863,210200
2014-06-11,7.300000190734863,7.349999904632568,6.599999904632568,6.599999904632568,356900
2014-06-12,8.819999694824219,8.890000343322754,7.190000057220459,7.380000114440918,1647200
2014-06-13,9.609999656677246,10.149999618530273,7.539999961853027,8.329999923706055,2347600
2014-06-16,9.020000457763672,9.800000190734863,8.819999694824219,9.710000038146973,959900
2014-06-17,8.819999694824219,9.5,8.699999809265137,8.970000267028809,459500
2014-06-18,8.239999771118164,8.989999771118164,8.020000457763672,8.949999809265137,726600
2014-06-19,8.020000457763672,8.359999656677246,7.940000057220459,8.300000190734863,370100
2014-06-20,8.579999923706055,8.638999938964844,7.96999979019165,8.130000114440918,403600
2014-06-23,9.6899995803833,9.699999809265137,8.369999885559082,8.5,675400
2014-06-24,9.930000305175781,11.5600004196167,9.859999656677246,9.930000305175781,1268300
2014-06-25,9.520000457763672,10.5,9.270000457763672,9.829999923706055,863200
2014-06-26,9.470000267028809,9.930000305175781,9.25,9.470000267028809,362200
2014-06-27,9.489999771118164,9.770000457763672,9.170000076293945,9.380000114440918,1338200
2014-06-30,9.390000343322754,10.0,9.300000190734863,9.680000305175781,669400
2014-07-01,9.989999771118164,10.149999618530273,9.25,9.40999984741211,708200
2014-07-02,11.029999732971191,11.3149995803833,10.253999710083008,10.289999961853027,870800
2014-07-03,11.069999694824219,11.1899995803833,10.859999656677246,11.079999923706055,226400
2014-07-07,10.65999984741211,11.1899995803833,10.510000228881836,11.0,477700
2014-07-08,10.850000381469727,11.100000381469727,10.15999984741211,10.65999984741211,582700
2014-07-09,10.630000114440918,10.920000076293945,10.5,10.850000381469727,174200
2014-07-10,9.970000267028809,10.4399995803833,9.90999984741211,10.329999923706055,304200
2014-07-11,10.050000190734863,10.279999732971191,9.720000267028809,10.010000228881836,230800
2014-07-14,10.34000015258789,10.460000038146973,10.069999694824219,10.25,255000
2014-07-15,9.630000114440918,10.59000015258789,9.59000015258789,10.369999885559082,429600
2014-07-16,9.75,9.899999618530273,9.430000305175781,9.720000267028809,245400
2014-07-17,9.039999961853027,9.829999923706055,8.970000267028809,9.680000305175781,622100
2014-07-18,9.6899995803833,9.739999771118164,9.050000190734863,9.0600004196167,563200
2014-07-21,9.59000015258789,9.829999923706055,9.180000305175781,9.600000381469727,405900
2014-07-22,8.255000114440918,10.630000114440918,8.210000038146973,10.630000114440918,1665900
2014-07-23,9.3100004196167,9.319999694824219,8.020000457763672,8.270000457763672,876400
2014-07-24,8.920000076293945,9.390000343322754,8.8149995803833,9.390000343322754,474700
2014-07-25,8.4399995803833,8.871999740600586,8.390000343322754,8.819999694824219,262700
2014-07-28,7.909999847412109,8.5,7.860000133514404,8.4399995803833,407600
2014-07-29,7.940000057220459,8.246000289916992,7.880000114440918,7.900000095367432,307300
2014-07-30,8.170000076293945,8.220000267028809,7.925000190734863,8.029999732971191,283900
2014-07-31,7.909999847412109,8.069999694824219,7.730000019073486,7.980000019073486,289700
2014-08-01,7.369999885559082,7.928999900817871,7.199999809265137,7.920000076293945,414800
2014-08-04,7.789999961853027,7.920000076293945,7.230000019073486,7.480000019073486,474600
2014-08-05,7.730000019073486,7.889999866485596,7.539999961853027,7.670000076293945,340000
2014-08-06,7.789999961853027,7.868000030517578,7.39300012588501,7.639999866485596,146700
2014-08-07,7.829999923706055,8.529999732971191,7.679999828338623,7.730000019073486,397800
2014-08-08,7.460000038146973,8.185999870300293,7.199999809265137,7.860000133514404,336500
2014-08-11,7.599999904632568,7.860000133514404,7.199999809265137,7.480000019073486,211900
2014-08-12,7.539999961853027,7.579999923706055,7.239999771118164,7.570000171661377,290200
2014-08-13,7.550000190734863,7.699999809265137,7.449999809265137,7.539999961853027,154800
2014-08-14,7.519999980926514,7.849999904632568,7.409999847412109,7.510000228881836,150000
2014-08-15,7.920000076293945,8.0,7.489999771118164,7.909999847412109,293600
2014-08-18,8.279999732971191,8.300999641418457,7.789999961853027,7.96999979019165,349800
2014-08-19,8.130000114440918,8.3100004196167,8.0600004196167,8.25,204200
2014-08-20,8.199999809265137,8.289999961853027,8.010000228881836,8.15999984741211,176500
2014-08-21,8.109999656677246,8.170000076293945,7.802999973297119,8.170000076293945,212200
2014-08-22,8.100000381469727,8.15999984741211,8.0,8.140000343322754,163200
2014-08-25,8.3100004196167,8.5,8.180000305175781,8.180000305175781,168900
2014-08-26,8.430000305175781,8.489999771118164,8.100000381469727,8.3100004196167,295300
2014-08-27,8.520000457763672,8.550000190734863,8.350000381469727,8.399999618530273,213200
2014-08-28,8.550000190734863,8.65999984741211,8.449999809265137,8.5,254500
2014-08-29,8.479999542236328,8.579999923706055,8.34000015258789,8.550000190734863,193000
2014-09-02,8.449999809265137,8.489999771118164,8.380000114440918,8.479999542236328,150100
2014-09-03,9.220000267028809,9.529999732971191,8.75,8.75,1355600
2014-09-04,8.960000038146973,9.274999618530273,8.899999618530273,9.229999542236328,223600
2014-09-05,8.84000015258789,9.020000457763672,8.6899995803833,8.930000305175781,273700
2014-09-08,9.779999732971191,9.800000190734863,8.850000381469727,8.850000381469727,453900
2014-09-09,9.539999961853027,10.1899995803833,9.380000114440918,9.989999771118164,737000
2014-09-10,9.979999542236328,10.069999694824219,9.550000190734863,9.569999694824219,304700
2014-09-11,9.9399995803833,9.979999542236328,9.649999618530273,9.869999885559082,300800
2014-09-12,9.510000228881836,9.949999809265137,9.4399995803833,9.949999809265137,196900
2014-09-15,9.930000305175781,10.0,9.029999732971191,9.800000190734863,432100
2014-09-16,9.989999771118164,10.140000343322754,9.59000015258789,10.069999694824219,1166100
2014-09-17,11.600000381469727,12.449999809265137,10.029999732971191,10.140000343322754,2487500
2014-09-18,11.5600004196167,12.25,11.199999809265137,11.609999656677246,627800
2014-09-19,11.210000038146973,11.84000015258789,10.819999694824219,11.600000381469727,521600
2014-09-22,11.140000343322754,11.199999809265137,10.75,11.119999885559082,273600
2014-09-23,11.930000305175781,12.0,11.1899995803833,11.399999618530273,426900
2014-09-24,11.539999961853027,12.0,11.265000343322754,11.6899995803833,412500
2014-09-25,11.229999542236328,11.859999656677246,11.050000190734863,11.8100004196167,594100
2014-09-26,11.09000015258789,11.319999694824219,10.9399995803833,11.279999732971191,244600
2014-09-29,11.0,11.100000381469727,10.850000381469727,10.949999809265137,303600
2014-09-30,10.670000076293945,11.069999694824219,10.649999618530273,11.0,491700
2014-10-01,10.350000381469727,10.789999961853027,10.069999694824219,10.65999984741211,623600
2014-10-02,10.489999771118164,10.539999961853027,10.199999809265137,10.3100004196167,304300
2014-10-03,10.180000305175781,10.59000015258789,10.140000343322754,10.539999961853027,317300
2014-10-06,9.960000038146973,10.180000305175781,9.520000457763672,10.149999618530273,444800
2014-10-07,10.050000190734863,10.079999923706055,9.670000076293945,9.800000190734863,531900
2014-10-08,9.989999771118164,10.050000190734863,9.34000015258789,10.020000457763672,422400
2014-10-09,9.600000381469727,10.0,9.5,10.0,424800
2014-10-10,9.380000114440918,9.8100004196167,9.329999923706055,9.40999984741211,328600
2014-10-13,9.609999656677246,9.859999656677246,9.15999984741211,9.300000190734863,523000
2014-10-14,9.829999923706055,10.210000038146973,9.470000267028809,9.680000305175781,405000
2014-10-15,10.0,10.029999732971191,9.539999961853027,9.670000076293945,405100
2014-10-16,9.960000038146973,10.229999542236328,9.84000015258789,9.84000015258789,808400
2014-10-17,9.960000038146973,10.050000190734863,9.6899995803833,10.010000228881836,531900
2014-10-20,10.100000381469727,10.359999656677246,10.050000190734863,10.140000343322754,601100
2014-10-21,10.09000015258789,10.199999809265137,9.9399995803833,10.170000076293945,424900
2014-10-22,10.0,10.15999984741211,9.845000267028809,10.09000015258789,472200
2014-10-23,10.050000190734863,10.149999618530273,9.899999618530273,10.109999656677246,487100
2014-10-24,10.890000343322754,10.90999984741211,10.0600004196167,10.0600004196167,370400
2014-10-27,11.229999542236328,11.449999809265137,10.850000381469727,11.010000228881836,501000
2014-10-28,11.3100004196167,11.670000076293945,11.048999786376953,11.34000015258789,767600
2014-10-29,11.119999885559082,11.329999923706055,10.859999656677246,11.289999961853027,282200
2014-10-30,11.15999984741211,11.220000267028809,10.479999542236328,11.020000457763672,371400
2014-10-31,10.989999771118164,11.378999710083008,10.880000114440918,11.300000190734863,312300
2014-11-03,10.880000114440918,11.050000190734863,10.623000144958496,10.989999771118164,436100
2014-11-04,10.979999542236328,11.069999694824219,10.739999771118164,10.859999656677246,211400
2014-11-05,10.6899995803833,11.210000038146973,10.609999656677246,11.130000114440918,464900
2014-11-06,11.180000305175781,11.699999809265137,10.710000038146973,10.770000457763672,745300
2014-11-07,11.270000457763672,11.300000190734863,10.8100004196167,11.180000305175781,352500
2014-11-10,12.550000190734863,12.609999656677246,11.260000228881836,11.279999732971191,684700
2014-11-11,12.90999984741211,13.420000076293945,12.069999694824219,12.5,685500
2014-11-12,14.029999732971191,14.050000190734863,12.645000457763672,12.850000381469727,701100
2014-11-13,13.869999885559082,14.649999618530273,13.720000267028809,14.539999961853027,784200
2014-11-14,14.029999732971191,14.210000038146973,13.510000228881836,13.920000076293945,325700
2014-11-17,14.050000190734863,14.680000305175781,13.930000305175781,14.010000228881836,403300
2014-11-18,14.770000457763672,15.4399995803833,14.100000381469727,14.270000457763672,856600
2014-11-19,14.430000305175781,14.970000267028809,14.300000190734863,14.670000076293945,352900
2014-11-20,14.40999984741211,14.59000015258789,14.180000305175781,14.34000015258789,222600
2014-11-21,14.770000457763672,15.0,14.239999771118164,14.5600004196167,299300
2014-11-24,15.130000114440918,15.149999618530273,14.600000381469727,14.720000267028809,433400
2014-11-25,14.770000457763672,15.289999961853027,14.539999961853027,15.25,627900
2014-11-26,15.0,15.100000381469727,14.569999694824219,14.75,356500
2014-11-28,14.920000076293945,15.399999618530273,14.850000381469727,14.960000038146973,259900
2014-12-01,13.520000457763672,15.010000228881836,13.479999542236328,15.0,739900
2014-12-02,14.5,14.760000228881836,13.800000190734863,13.800000190734863,494400
2014-12-03,14.420000076293945,14.720000267028809,14.300000190734863,14.5,805300
2014-12-04,13.84000015258789,14.510000228881836,13.84000015258789,14.449999809265137,430300
2014-12-05,13.800000190734863,14.380000114440918,13.760000228881836,14.0,576300
2014-12-08,13.760000228881836,14.880000114440918,13.640000343322754,14.470000267028809,618500
2014-12-09,13.989999771118164,14.100000381469727,12.800000190734863,13.5,717400
2014-12-10,14.449999809265137,14.600000381469727,13.800000190734863,13.930000305175781,528400
2014-12-11,17.510000228881836,18.586999893188477,14.817999839782715,14.880000114440918,2928900
2014-12-12,18.25,18.8799991607666,17.079999923706055,17.260000228881836,1757800
2014-12-15,17.0,18.649999618530273,16.670000076293945,18.440000534057617,1162300
2014-12-16,16.780000686645508,17.649999618530273,15.779999732971191,16.200000762939453,690200
2014-12-17,16.420000076293945,17.540000915527344,16.079999923706055,16.5,1033300
2014-12-18,15.699999809265137,16.93899917602539,15.420000076293945,16.600000381469727,947700
2014-12-19,16.450000762939453,16.510000228881836,15.0600004196167,15.649999618530273,1647800
2014-12-22,16.549999237060547,16.996999740600586,15.800000190734863,16.219999313354492,637100
2014-12-23,15.699999809265137,16.799999237060547,15.149999618530273,16.469999313354492,719300
2014-12-24,16.030000686645508,16.40999984741211,15.5,15.869999885559082,200600
2014-12-26,16.18000030517578,16.6299991607666,15.760000228881836,16.0,195900
2014-12-29,16.010000228881836,16.417999267578125,15.819999694824219,16.149999618530273,349700
2014-12-30,15.760000228881836,16.149999618530273,15.600000381469727,15.9399995803833,271700
2014-12-31,15.84000015258789,16.639999389648438,15.779999732971191,15.779999732971191,423200
2015-01-02,16.329999923706055,16.479999542236328,15.800000190734863,15.930000305175781,323300
2015-01-05,16.209999084472656,17.239999771118164,16.049999237060547,16.239999771118164,507300
2015-01-06,15.699999809265137,17.0,15.40999984741211,16.219999313354492,551500
2015-01-07,17.389999389648438,17.450000762939453,15.970000267028809,16.0,664800
2015-01-08,17.579999923706055,18.600000381469727,17.3700008392334,17.610000610351562,719200
2015-01-09,16.860000610351562,17.760000228881836,16.6299991607666,17.6299991607666,472800
2015-01-12,15.979999542236328,17.049999237060547,15.970000267028809,16.979999542236328,448200
2015-01-13,15.229999542236328,16.219999313354492,15.010000228881836,16.0,677900
2015-01-14,14.979999542236328,15.279999732971191,14.5600004196167,15.069999694824219,586600
2015-01-15,13.390000343322754,15.239999771118164,13.079999923706055,15.149999618530273,1122700
2015-01-16,13.569999694824219,14.050000190734863,13.15999984741211,13.510000228881836,553800
2015-01-20,13.609999656677246,13.732000350952148,12.369999885559082,13.300000190734863,744800
2015-01-21,14.149999618530273,14.890000343322754,13.397000312805176,13.739999771118164,1179100
2015-01-22,14.0,14.678999900817871,13.529999732971191,14.649999618530273,1172800
2015-01-23,14.079999923706055,14.109999656677246,13.550000190734863,14.0,422000
2015-01-26,15.5600004196167,15.579999923706055,14.020000457763672,14.1899995803833,713700
2015-01-27,15.640000343322754,16.0,15.1899995803833,15.300000190734863,647000
2015-01-28,15.0600004196167,15.989999771118164,15.0,15.699999809265137,392500
2015-01-29,15.149999618530273,15.300000190734863,14.539999961853027,15.170000076293945,286800
2015-01-30,14.239999771118164,15.399999618530273,14.142999649047852,15.0600004196167,326900
2015-02-02,13.300000190734863,14.354000091552734,13.199999809265137,14.329999923706055,559000
2015-02-03,13.5600004196167,13.630000114440918,12.880000114440918,13.350000381469727,461300
2015-02-04,12.770000457763672,13.380000114440918,12.510000228881836,13.380000114440918,583200
2015-02-05,13.489999771118164,13.649999618530273,12.715999603271484,12.75,377500
2015-02-06,13.050000190734863,13.739999771118164,12.949999809265137,13.539999961853027,276500
2015-02-09,13.319999694824219,13.380000114440918,12.789999961853027,13.079999923706055,329900
2015-02-10,13.75,13.789999961853027,12.899999618530273,13.460000038146973,291500
2015-02-11,13.380000114440918,13.920999526977539,13.210000038146973,13.710000038146973,217900
2015-02-12,13.319999694824219,13.585000038146973,13.0600004196167,13.460000038146973,190200
2015-02-13,13.130000114440918,13.619999885559082,12.899999618530273,13.329999923706055,223600
2015-02-17,13.579999923706055,13.779999732971191,13.0,13.220000267028809,243800
2015-02-18,13.670000076293945,13.8100004196167,13.380000114440918,13.550000190734863,242800
2015-02-19,13.59000015258789,13.850000381469727,13.510000228881836,13.710000038146973,182200
2015-02-20,13.5,13.664999961853027,13.392000198364258,13.630000114440918,213000
2015-02-23,13.539999961853027,13.680000305175781,13.449999809265137,13.539999961853027,418900
2015-02-24,13.75,13.899999618530273,13.600000381469727,13.600000381469727,620600
2015-02-25,15.260000228881836,15.260000228881836,13.699999809265137,13.8100004196167,1252100
2015-02-26,14.920000076293945,15.369999885559082,14.359999656677246,15.319999694824219,535400
2015-02-27,14.510000228881836,15.039999961853027,14.199999809265137,15.039999961853027,366600
2015-03-02,14.59000015258789,14.710000038146973,14.319999694824219,14.550000190734863,201500
2015-03-03,14.130000114440918,14.579999923706055,14.100000381469727,14.579999923706055,206200
2015-03-04,14.850000381469727,15.220000267028809,14.130000114440918,14.510000228881836,385500
2015-03-05,15.59000015258789,16.739999771118164,15.550999641418457,16.25,1465400
2015-03-06,15.15999984741211,15.75,15.0,15.510000228881836,368100
2015-03-09,15.630000114440918,15.670000076293945,14.880000114440918,15.180000305175781,555300
2015-03-10,16.030000686645508,16.34000015258789,15.079999923706055,15.229999542236328,399800
2015-03-11,16.0,16.299999237060547,15.619999885559082,16.15999984741211,415000
2015-03-12,15.989999771118164,16.368999481201172,15.510000228881836,15.75,403600
2015-03-13,17.329999923706055,17.649999618530273,15.880000114440918,16.209999084472656,864700
2015-03-16,17.68000030517578,18.239999771118164,17.25,17.389999389648438,832400
2015-03-17,17.530000686645508,17.739999771118164,16.889999389648438,17.719999313354492,612700
2015-03-18,17.690000534057617,18.989999771118164,17.31100082397461,17.389999389648438,1062400
2015-03-19,18.81999969482422,19.280000686645508,17.860000610351562,18.059999465942383,1814600
2015-03-20,18.219999313354492,20.0,18.190000534057617,19.68000030517578,2817900
2015-03-23,17.40999984741211,18.200000762939453,17.0,18.15999984741211,717000
2015-03-24,17.5,18.1299991607666,17.40999984741211,17.799999237060547,789700
2015-03-25,15.84000015258789,17.719999313354492,15.699999809265137,17.600000381469727,1289300
2015-03-26,16.059999465942383,16.40999984741211,14.800000190734863,15.069999694824219,885500
2015-03-27,15.789999961853027,16.6299991607666,15.67199993133545,15.970000267028809,472700
2015-03-30,16.15999984741211,16.399999618530273,15.920000076293945,16.020000457763672,551800
2015-03-31,15.479999542236328,16.31999969482422,15.449999809265137,16.0,510400
2015-04-01,15.84000015258789,16.079999923706055,14.859999656677246,15.3100004196167,498600
2015-04-02,15.539999961853027,15.949999809265137,15.241000175476074,15.899999618530273,373500
2015-04-06,15.109999656677246,15.795999526977539,14.9399995803833,15.470000267028809,465500
2015-04-07,15.130000114440918,15.550000190734863,15.041000366210938,15.119999885559082,306200
2015-04-08,16.100000381469727,16.111000061035156,15.130000114440918,15.130000114440918,472900
2015-04-09,15.65999984741211,16.520000457763672,15.390000343322754,16.110000610351562,426900
2015-04-10,15.90999984741211,16.110000610351562,15.529999732971191,15.680000305175781,273700
2015-04-13,15.84000015258789,16.31999969482422,15.59000015258789,15.880000114440918,438200
2015-04-14,16.479999542236328,16.899999618530273,16.139999389648438,16.139999389648438,702700
2015-04-15,16.3799991607666,16.753000259399414,16.229999542236328,16.6200008392334,551300
2015-04-16,17.170000076293945,17.239999771118164,16.233999252319336,16.270000457763672,521800
2015-04-17,16.489999771118164,17.229999542236328,16.149999618530273,16.969999313354492,631500
2015-04-20,15.8100004196167,16.700000762939453,15.4399995803833,16.670000076293945,690800
2015-04-21,16.56999969482422,16.59000015258789,15.87399959564209,16.149999618530273,406300
2015-04-22,16.389999389648438,16.809999465942383,16.18000030517578,16.459999084472656,210400
2015-04-23,16.40999984741211,16.649999618530273,16.1299991607666,16.3700008392334,187500
2015-04-24,16.229999542236328,16.770000457763672,16.200000762939453,16.360000610351562,185100
2015-04-27,15.40999984741211,16.562000274658203,15.039999961853027,16.350000381469727,749700
2015-04-28,14.9399995803833,15.819999694824219,13.800000190734863,15.5,771400
2015-04-29,15.170000076293945,15.359999656677246,14.475000381469727,14.890000343322754,358200
2015-04-30,13.960000038146973,15.140000343322754,13.829999923706055,14.989999771118164,685500
2015-05-01,14.289999961853027,14.734999656677246,13.869999885559082,14.300000190734863,473500
2015-05-04,14.34000015258789,14.84000015258789,14.199999809265137,14.430000305175781,306700
2015-05-05,13.430000305175781,14.359999656677246,12.970000267028809,14.25,1073100
2015-05-06,13.239999771118164,13.90999984741211,13.09000015258789,13.600000381469727,717100
2015-05-07,14.220000267028809,14.40999984741211,12.869999885559082,13.0,705300
2015-05-08,14.75,15.220000267028809,14.300000190734863,14.300000190734863,536800
2015-05-11,15.329999923706055,15.460000038146973,14.600000381469727,14.800000190734863,402300
2015-05-12,15.84000015258789,15.90999984741211,14.902000427246094,15.25,551600
2015-05-13,15.630000114440918,16.389999389648438,15.520000457763672,15.9399995803833,663600
2015-05-14,16.09000015258789,16.459999084472656,15.220000267028809,16.100000381469727,652800
2015-05-15,16.219999313354492,16.280000686645508,15.579999923706055,15.949999809265137,287100
2015-05-18,16.219999313354492,16.68000030517578,15.899999618530273,16.219999313354492,511200
2015-05-19,16.139999389648438,16.628999710083008,16.030000686645508,16.1299991607666,264800
2015-05-20,16.649999618530273,16.920000076293945,15.760000228881836,16.149999618530273,496500
2015-05-21,16.0,17.079999923706055,15.920000076293945,16.719999313354492,562900
2015-05-22,15.930000305175781,16.309999465942383,15.633000373840332,16.0,384800
2015-05-26,15.949999809265137,16.06999969482422,15.510000228881836,15.859999656677246,295600
2015-05-27,16.020000457763672,16.079999923706055,15.739999771118164,16.0,260800
2015-05-28,16.0,16.100000381469727,15.5600004196167,15.970000267028809,207500
2015-05-29,15.739999771118164,16.309999465942383,15.720000267028809,15.989999771118164,475600
2015-06-01,16.3799991607666,17.049999237060547,15.25,16.510000228881836,1307600
2015-06-02,16.18000030517578,16.6299991607666,15.859999656677246,16.09000015258789,342900
2015-06-03,16.530000686645508,16.559999465942383,15.920000076293945,16.209999084472656,345600
2015-06-04,16.06999969482422,16.959999084472656,15.737000465393066,16.489999771118164,597000
2015-06-05,16.31999969482422,16.40999984741211,15.75,16.030000686645508,287500
2015-06-08,16.329999923706055,16.469999313354492,15.859999656677246,16.200000762939453,297500
2015-06-09,15.6899995803833,16.25,15.600000381469727,16.229999542236328,358100
2015-06-10,15.710000038146973,16.06999969482422,15.427000045776367,15.789999961853027,302300
2015-06-11,15.84000015258789,15.850000381469727,15.40999984741211,15.649999618530273,256500
2015-06-12,15.529999732971191,16.030000686645508,15.510000228881836,15.800000190734863,202600
2015-06-15,14.890000343322754,15.359999656677246,14.630000114440918,15.329999923706055,568200
2015-06-16,14.930000305175781,15.1899995803833,14.710000038146973,14.9399995803833,304600
2015-06-17,14.960000038146973,15.104999542236328,14.75,14.970000267028809,286800
2015-06-18,17.040000915527344,17.959999084472656,15.020000457763672,15.050000190734863,3213700
2015-06-19,17.100000381469727,17.579999923706055,16.700000762939453,17.579999923706055,1438600
2015-06-22,16.959999084472656,17.950000762939453,16.860000610351562,17.34000015258789,1232600
2015-06-23,17.079999923706055,17.239999771118164,16.639999389648438,17.020000457763672,535200
2015-06-24,17.100000381469727,17.690000534057617,16.770000457763672,17.09000015258789,533400
2015-06-25,16.8700008392334,17.540000915527344,16.790000915527344,17.31999969482422,427300
2015-06-26,16.90999984741211,17.280000686645508,16.049999237060547,16.850000381469727,1369600
2015-06-29,15.989999771118164,16.809999465942383,15.899999618530273,16.459999084472656,867700
2015-06-30,16.59000015258789,16.59000015258789,15.789999961853027,16.3700008392334,1053600
2015-07-01,16.65999984741211,17.049999237060547,16.209999084472656,16.719999313354492,515600
2015-07-02,16.440000534057617,16.75,16.270000457763672,16.670000076293945,236600
2015-07-06,17.1200008392334,17.200000762939453,16.1200008392334,16.1200008392334,930900
2015-07-07,17.469999313354492,17.549999237060547,16.799999237060547,17.06999969482422,939900
2015-07-08,17.139999389648438,17.479999542236328,17.010000228881836,17.079999923706055,953100
2015-07-09,18.1299991607666,18.25,17.17799949645996,17.329999923706055,1379300
2015-07-10,18.209999084472656,18.709999084472656,17.81999969482422,18.469999313354492,635200
2015-07-13,18.479999542236328,18.860000610351562,18.040000915527344,18.510000228881836,631600
2015-07-14,18.739999771118164,18.950000762939453,18.239999771118164,18.540000915527344,783700
2015-07-15,18.309999465942383,19.049999237060547,18.010000228881836,18.670000076293945,574100
2015-07-16,18.700000762939453,18.84000015258789,18.299999237060547,18.440000534057617,768300
2015-07-17,18.68000030517578,18.93400001525879,18.3700008392334,18.700000762939453,481400
2015-07-20,18.479999542236328,18.81999969482422,18.34000015258789,18.639999389648438,407800
2015-07-21,18.170000076293945,18.530000686645508,17.84000015258789,18.3700008392334,644400
2015-07-22,18.1299991607666,18.280000686645508,17.610000610351562,17.899999618530273,239400
2015-07-23,18.309999465942383,18.459999084472656,17.959999084472656,18.06999969482422,526500
2015-07-24,17.270000457763672,18.600000381469727,17.1200008392334,18.200000762939453,427200
2015-07-27,17.18000030517578,17.530000686645508,16.6299991607666,17.139999389648438,468800
2015-07-28,17.610000610351562,17.989999771118164,16.780000686645508,17.280000686645508,359400
2015-07-29,17.110000610351562,17.725000381469727,16.959999084472656,17.450000762939453,407200
2015-07-30,17.059999465942383,17.360000610351562,16.610000610351562,17.09000015258789,306200
2015-07-31,17.450000762939453,17.850000381469727,17.0,17.09000015258789,263300
2015-08-03,17.809999465942383,17.81999969482422,17.139999389648438,17.489999771118164,360600
2015-08-04,17.469999313354492,18.18000030517578,17.329999923706055,17.799999237060547,338700
2015-08-05,17.18000030517578,17.790000915527344,17.0,17.68000030517578,227700
2015-08-06,16.969999313354492,17.649999618530273,16.729999542236328,17.3700008392334,1040800
2015-08-07,16.469999313354492,17.190000534057617,15.899999618530273,17.06999969482422,602200
2015-08-10,16.059999465942383,16.350000381469727,15.5,15.84000015258789,468400
2015-08-11,16.110000610351562,16.530000686645508,15.989999771118164,16.0,475400
2015-08-12,16.520000457763672,16.649999618530273,15.574000358581543,16.290000915527344,567100
2015-08-13,15.859999656677246,16.850000381469727,15.84000015258789,16.350000381469727,342600
2015-08-14,15.289999961853027,16.030000686645508,15.095000267028809,15.850000381469727,546800
2015-08-17,15.989999771118164,16.049999237060547,15.020000457763672,15.149999618530273,407000
2015-08-18,15.579999923706055,16.1299991607666,15.529999732971191,16.049999237060547,325200
2015-08-19,15.270000457763672,15.645999908447266,15.1899995803833,15.199999809265137,484200
2015-08-20,14.25,15.149999618530273,14.199999809265137,15.069999694824219,628800
2015-08-21,14.279999732971191,14.739999771118164,13.600000381469727,13.859999656677246,720400
2015-08-24,12.819999694824219,13.739999771118164,11.0,13.260000228881836,962600
2015-08-25,12.050000190734863,13.59000015258789,11.930000305175781,13.59000015258789,1211800
2015-08-26,12.75,12.84000015258789,11.84000015258789,12.460000038146973,761800
2015-08-27,12.619999885559082,13.0600004196167,12.220000267028809,12.8100004196167,533500
2015-08-28,13.020000457763672,13.050000190734863,12.435999870300293,12.5,402900
2015-08-31,12.279999732971191,13.369999885559082,12.220000267028809,12.850000381469727,494400
2015-09-01,11.770000457763672,12.359999656677246,11.569999694824219,12.0,713800
2015-09-02,12.520000457763672,12.520000457763672,11.760000228881836,11.949999809265137,429500
2015-09-03,11.460000038146973,12.789999961853027,11.449999809265137,12.529999732971191,712900
2015-09-04,11.779999732971191,11.989999771118164,11.100000381469727,11.300000190734863,419700
2015-09-08,11.449999809265137,12.039999961853027,11.25,12.020000457763672,631000
2015-09-09,11.010000228881836,12.260000228881836,10.960000038146973,12.260000228881836,1409200
2015-09-10,11.460000038146973,11.720000267028809,10.984999656677246,11.0,541700
2015-09-11,11.829999923706055,11.850000381469727,11.109999656677246,11.329999923706055,376200
2015-09-14,11.760000228881836,11.829999923706055,11.319999694824219,11.829999923706055,328800
2015-09-15,11.770000457763672,11.880000114440918,11.505000114440918,11.84000015258789,307700
2015-09-16,11.720000267028809,11.800000190734863,11.460000038146973,11.729999542236328,337300
2015-09-17,14.369999885559082,15.0600004196167,12.649999618530273,13.0,1618700
2015-09-18,13.579999923706055,14.270000457763672,13.319999694824219,13.920000076293945,1325900
2015-09-21,12.460000038146973,13.779999732971191,12.34000015258789,13.710000038146973,692600
2015-09-22,12.069999694824219,12.380000114440918,11.562000274658203,11.970000267028809,996000
2015-09-23,11.90999984741211,12.380000114440918,11.800000190734863,12.149999618530273,390600
2015-09-24,11.920000076293945,11.970000267028809,11.199999809265137,11.800000190734863,472000
2015-09-25,11.010000228881836,12.220000267028809,10.739999771118164,12.050000190734863,853500
2015-09-28,10.40999984741211,11.199999809265137,9.920000076293945,11.0,987000
2015-09-29,9.760000228881836,11.069999694824219,9.579999923706055,10.5600004196167,1283600
2015-09-30,10.079999923706055,10.34000015258789,9.539999961853027,10.0,1071900
2015-10-01,10.220000267028809,10.319999694824219,9.770000457763672,10.069999694824219,731800
2015-10-02,11.930000305175781,11.930000305175781,9.789999961853027,9.989999771118164,1323300
2015-10-05,12.8100004196167,12.819999694824219,11.687000274658203,11.949999809265137,1488000
2015-10-06,12.399999618530273,12.6899995803833,11.494999885559082,12.079999923706055,1295800
2015-10-07,12.369999885559082,12.75,11.739999771118164,12.430000305175781,753700
2015-10-08,12.600000381469727,12.630000114440918,11.920000076293945,12.319999694824219,817200
2015-10-09,13.010000228881836,13.300000190734863,12.170000076293945,12.449999809265137,426400
2015-10-12,12.760000228881836,13.09000015258789,12.420000076293945,13.09000015258789,391200
2015-10-13,11.970000267028809,13.40999984741211,11.9399995803833,12.539999961853027,450600
2015-10-14,12.270000457763672,12.779999732971191,11.970000267028809,12.050000190734863,560900
2015-10-15,13.5,13.680000305175781,12.09000015258789,12.149999618530273,617700
2015-10-16,13.199999809265137,13.75,12.770000457763672,13.5,348900
2015-10-19,13.149999618530273,13.529999732971191,12.444999694824219,13.180000305175781,261400
2015-10-20,12.850000381469727,13.229999542236328,12.569999694824219,13.199999809265137,401000
2015-10-21,12.84000015258789,13.170000076293945,12.279999732971191,13.0,363700
2015-10-22,12.859999656677246,13.279999732971191,12.199999809265137,12.850000381469727,449400
2015-10-23,12.920000076293945,13.350000381469727,12.6899995803833,13.0600004196167,526100
2015-10-26,12.770000457763672,13.399999618530273,12.529999732971191,12.920000076293945,354100
2015-10-27,12.989999771118164,13.039999961853027,12.5600004196167,12.75,470000
2015-10-28,13.479999542236328,13.539999961853027,12.630000114440918,13.0,599200
2015-10-29,12.630000114440918,13.649999618530273,12.5649995803833,13.470000267028809,420700
2015-10-30,12.369999885559082,12.899999618530273,12.180000305175781,12.569999694824219,302400
2015-11-02,13.270000457763672,13.279999732971191,12.390000343322754,12.430000305175781,534900
2015-11-03,13.359999656677246,13.8100004196167,13.010000228881836,13.199999809265137,353700
2015-11-04,13.260000228881836,13.710000038146973,12.9399995803833,13.430000305175781,391200
2015-11-05,12.800000190734863,13.1899995803833,12.25,13.1899995803833,428300
2015-11-06,12.739999771118164,12.989999771118164,12.220000267028809,12.819999694824219,303000
2015-11-09,13.619999885559082,13.949999809265137,12.800000190734863,12.880000114440918,522200
2015-11-10,13.8100004196167,13.930000305175781,13.170000076293945,13.65999984741211,454000
2015-11-11,13.289999961853027,13.9399995803833,13.25,13.859999656677246,313200
2015-11-12,12.859999656677246,13.350000381469727,12.800000190734863,13.199999809265137,349200
2015-11-13,12.949999809265137,13.25,12.5,12.8100004196167,256400
2015-11-16,13.010000228881836,13.140000343322754,12.539999961853027,12.930000305175781,349500
2015-11-17,12.869999885559082,13.40999984741211,12.739999771118164,13.0,286100
2015-11-18,13.5600004196167,13.649999618530273,12.800000190734863,12.869999885559082,571300
2015-11-19,13.430000305175781,13.850000381469727,13.100000381469727,13.579999923706055,485200
2015-11-20,13.15999984741211,13.619999885559082,13.140000343322754,13.5600004196167,400600
2015-11-23,13.350000381469727,13.680000305175781,13.100000381469727,13.210000038146973,475800
2015-11-24,13.149999618530273,13.449999809265137,12.930000305175781,13.350000381469727,340100
2015-11-25,12.960000038146973,13.420000076293945,12.800000190734863,13.199999809265137,474900
2015-11-27,13.100000381469727,13.25,12.869999885559082,12.869999885559082,219400
2015-11-30,13.180000305175781,13.380000114440918,12.850000381469727,13.170000076293945,421300
2015-12-01,14.180000305175781,14.225000381469727,13.420000076293945,13.720000267028809,560600
2015-12-02,14.420000076293945,14.869999885559082,14.0,14.270000457763672,429600
2015-12-03,13.34000015258789,14.470000267028809,13.260000228881836,14.40999984741211,535600
2015-12-04,14.119999885559082,14.180000305175781,13.109999656677246,13.34000015258789,415500
2015-12-07,12.930000305175781,14.800000190734863,12.699999809265137,14.779999732971191,674900
2015-12-08,13.5,13.668000221252441,12.739999771118164,12.739999771118164,467900
2015-12-09,12.489999771118164,13.550000190734863,12.460000038146973,13.489999771118164,443100
2015-12-10,11.640000343322754,12.720000267028809,11.4399995803833,12.529999732971191,1047800
2015-12-11,10.75,11.470000267028809,10.550000190734863,11.359999656677246,846600
2015-12-14,10.359999656677246,10.984999656677246,10.149999618530273,10.789999961853027,662700
2015-12-15,10.569999694824219,10.949999809265137,10.27299976348877,10.399999618530273,513400
2015-12-16,11.3100004196167,11.329999923706055,10.470000267028809,10.680000305175781,560100
2015-12-17,11.069999694824219,11.4399995803833,10.960000038146973,11.1899995803833,353100
2015-12-18,11.390000343322754,11.699999809265137,11.0,11.069999694824219,4079000
2015-12-21,11.539999961853027,11.680000305175781,11.069999694824219,11.579999923706055,385800
2015-12-22,11.680000305175781,12.079999923706055,11.350000381469727,11.75,412800
2015-12-23,11.829999923706055,11.890000343322754,11.619999885559082,11.729999542236328,172900
2015-12-24,11.829999923706055,12.079999923706055,11.800000190734863,11.850000381469727,125800
2015-12-28,11.890000343322754,12.020000457763672,11.4399995803833,11.649999618530273,448200
2015-12-29,11.989999771118164,12.220000267028809,11.720000267028809,12.050000190734863,439400
2015-12-30,11.949999809265137,12.100000381469727,11.75,11.859999656677246,453100
2015-12-31,11.930000305175781,12.170000076293945,11.710000038146973,11.84000015258789,477100
2016-01-04,11.40999984741211,11.760000228881836,11.029999732971191,11.760000228881836,496700
2016-01-05,11.229999542236328,11.579999923706055,10.90999984741211,11.470000267028809,602000
2016-01-06,10.430000305175781,11.039999961853027,10.119999885559082,10.9399995803833,558700
2016-01-07,9.470000267028809,10.289999961853027,9.380000114440918,10.020000457763672,678800
2016-01-08,8.680000305175781,9.920000076293945,8.640000343322754,9.5,596700
2016-01-11,8.029999732971191,8.869000434875488,7.679999828338623,8.760000228881836,743100
2016-01-12,8.970000267028809,9.15999984741211,7.900000095367432,8.0,737300
2016-01-13,8.470000267028809,9.229999542236328,8.319999694824219,8.989999771118164,691700
2016-01-14,9.15999984741211,9.369999885559082,8.369999885559082,8.489999771118164,676200
2016-01-15,8.899999618530273,8.949999809265137,8.324000358581543,8.720000267028809,632900
2016-01-19,8.670000076293945,9.300000190734863,8.59000015258789,9.220000267028809,707300
2016-01-20,9.390000343322754,9.84000015258789,8.425000190734863,8.5,801100
2016-01-21,8.920000076293945,9.600000381469727,8.850000381469727,9.479999542236328,601600
2016-01-22,9.180000305175781,9.289999961853027,8.819999694824219,9.180000305175781,526900
2016-01-25,9.069999694824219,9.699999809265137,9.029999732971191,9.199999809265137,471900
2016-01-26,8.680000305175781,9.25,8.420000076293945,9.109999656677246,513300
2016-01-27,7.909999847412109,8.739999771118164,7.820000171661377,8.619999885559082,468900
2016-01-28,8.079999923706055,8.145000457763672,7.320000171661377,7.980000019073486,831800
2016-01-29,8.170000076293945,8.5,7.920000076293945,8.09000015258789,605900
2016-02-01,8.4399995803833,8.539999961853027,7.880000114440918,8.09000015258789,534800
2016-02-02,7.829999923706055,8.4399995803833,7.78000020980835,8.369999885559082,467400
2016-02-03,8.3100004196167,8.350000381469727,7.670000076293945,7.889999866485596,537700
2016-02-04,8.600000381469727,9.109999656677246,8.130000114440918,8.380000114440918,379600
2016-02-05,8.5,8.925000190734863,8.319999694824219,8.5,527700
2016-02-08,8.079999923706055,8.489999771118164,7.980000019073486,8.350000381469727,575100
2016-02-09,8.180000305175781,8.5,7.539999961853027,7.820000171661377,480800
2016-02-10,8.0,8.619999885559082,7.889999866485596,8.34000015258789,476800
2016-02-11,8.0,8.15999984741211,7.690000057220459,7.820000171661377,459100
2016-02-12,7.940000057220459,8.079999923706055,7.5,8.079999923706055,376200
2016-02-16,9.0,9.09000015258789,8.239999771118164,8.34000015258789,476300
2016-02-17,9.020000457763672,9.34000015258789,8.760000228881836,9.100000381469727,283200
2016-02-18,8.65999984741211,9.1899995803833,8.609999656677246,9.010000228881836,244300
2016-02-19,8.819999694824219,8.920000076293945,8.4399995803833,8.59000015258789,171100
2016-02-22,8.829999923706055,9.119999885559082,8.734000205993652,8.9399995803833,180300
2016-02-23,8.260000228881836,8.880000114440918,8.239999771118164,8.869999885559082,189100
2016-02-24,8.550000190734863,8.59000015258789,7.860000133514404,8.119999885559082,358900
2016-02-25,8.460000038146973,8.699999809265137,8.329999923706055,8.510000228881836,292700
2016-02-26,8.6899995803833,8.729999542236328,8.199000358581543,8.449999809265137,267000
2016-02-29,8.329999923706055,8.888999938964844,8.3100004196167,8.729999542236328,242000
2016-03-01,9.149999618530273,9.170000076293945,8.279999732971191,8.380000114440918,418600
2016-03-02,9.430000305175781,9.520000457763672,9.010000228881836,9.25,413500
2016-03-03,9.1899995803833,9.630000114440918,9.069999694824219,9.350000381469727,315200
2016-03-04,9.229999542236328,9.720000267028809,9.029999732971191,9.220000267028809,339300
2016-03-07,10.130000114440918,10.430000305175781,8.960000038146973,9.109999656677246,331100
2016-03-08,8.600000381469727,9.949999809265137,8.539999961853027,9.319999694824219,654900
2016-03-09,8.404999732971191,9.199999809265137,8.210000038146973,8.6899995803833,443200
2016-03-10,8.34000015258789,8.75,8.140000343322754,8.430000305175781,341300
2016-03-11,8.619999885559082,8.630000114440918,8.260000228881836,8.489999771118164,200700
2016-03-14,8.84000015258789,9.095000267028809,8.569999694824219,8.619999885559082,220200
2016-03-15,8.4399995803833,8.789999961853027,8.34000015258789,8.789999961853027,291200
2016-03-16,8.3100004196167,8.579999923706055,8.100000381469727,8.359999656677246,280600
2016-03-17,8.369999885559082,8.520000457763672,7.909999847412109,8.289999961853027,336200
2016-03-18,8.819999694824219,8.902999877929688,8.100000381469727,8.449999809265137,502600
2016-03-21,8.75,9.149999618530273,8.614999771118164,8.729999542236328,264700
2016-03-22,9.0,9.170000076293945,8.699999809265137,8.699999809265137,443100
2016-03-23,8.34000015258789,9.15999984741211,8.3100004196167,8.989999771118164,255900
2016-03-24,8.260000228881836,8.65999984741211,7.909999847412109,8.220000267028809,189900
2016-03-28,8.25,8.430000305175781,8.140000343322754,8.369999885559082,143000
2016-03-29,8.65999984741211,8.75,8.0,8.199999809265137,304800
2016-03-30,8.789999961853027,9.100000381469727,8.569999694824219,8.729999542236328,463000
2016-03-31,8.520000457763672,9.029999732971191,8.470000267028809,8.819999694824219,632500
2016-04-01,8.960000038146973,9.0600004196167,8.300000190734863,8.300000190734863,361600
2016-04-04,9.130000114440918,9.350000381469727,8.880000114440918,9.0,300200
2016-04-05,8.9399995803833,9.289999961853027,8.899999618530273,9.039999961853027,235900
2016-04-06,9.40999984741211,9.458000183105469,8.90999984741211,8.960000038146973,321900
2016-04-07,9.470000267028809,9.670000076293945,9.270000457763672,9.270000457763672,429700
2016-04-08,9.0,9.630000114440918,8.579999923706055,9.630000114440918,403600
2016-04-11,8.680000305175781,9.390000343322754,8.600000381469727,9.109999656677246,293900
2016-04-12,9.079999923706055,9.170000076293945,8.75,8.75,350300
2016-04-13,9.520000457763672,9.529999732971191,8.944999694824219,9.149999618530273,325900
2016-04-14,9.960000038146973,10.199999809265137,9.460000038146973,9.460000038146973,349000
2016-04-15,10.229999542236328,10.430000305175781,9.899999618530273,9.899999618530273,315400
2016-04-18,10.180000305175781,10.5,9.970000267028809,10.220000267028809,307000
2016-04-19,10.0600004196167,10.350000381469727,9.899999618530273,10.199999809265137,170400
2016-04-20,9.8100004196167,10.270000457763672,9.720000267028809,10.100000381469727,185300
2016-04-21,10.135000228881836,10.40999984741211,9.76200008392334,9.800000190734863,308000
2016-04-22,10.119999885559082,10.345000267028809,10.010000228881836,10.199999809265137,218700
2016-04-25,10.100000381469727,10.145000457763672,10.0,10.050000190734863,198300
2016-04-26,9.640000343322754,10.289999961853027,9.5600004196167,10.199999809265137,327700
2016-04-27,9.579999923706055,9.920000076293945,9.449999809265137,9.609999656677246,316000
2016-04-28,9.420000076293945,9.869000434875488,9.300000190734863,9.5,322400
2016-04-29,9.109999656677246,9.690999984741211,9.0600004196167,9.4399995803833,276700
2016-05-02,9.279999732971191,9.289999961853027,8.75,9.149999618530273,178400
2016-05-03,8.869999885559082,9.430000305175781,8.770000457763672,9.119999885559082,245500
2016-05-04,8.569999694824219,8.899999618530273,8.399999618530273,8.75,263300
2016-05-05,8.140000343322754,8.6899995803833,8.130000114440918,8.6899995803833,347300
2016-05-06,7.980000019073486,8.430000305175781,7.829999923706055,8.050000190734863,260600
2016-05-09,8.020000457763672,8.1899995803833,7.820000171661377,7.909999847412109,293300
2016-05-10,7.840000152587891,8.170000076293945,7.619999885559082,8.15999984741211,348300
2016-05-11,7.909999847412109,8.989999771118164,7.800000190734863,7.989999771118164,553200
2016-05-12,7.369999885559082,8.109999656677246,7.239999771118164,8.0,461500
2016-05-13,7.510000228881836,7.650000095367432,7.25,7.269999980926514,279400
2016-05-16,7.710000038146973,7.78000020980835,7.420000076293945,7.590000152587891,246200
2016-05-17,7.550000190734863,7.840000152587891,7.409999847412109,7.639999866485596,427800
2016-05-18,7.449999809265137,7.679999828338623,7.170000076293945,7.510000228881836,427900
2016-05-19,7.070000171661377,7.386000156402588,6.949999809265137,7.329999923706055,829500
2016-05-20,7.679999828338623,7.710000038146973,7.119999885559082,7.119999885559082,532100
2016-05-23,7.760000228881836,7.89900016784668,7.599999904632568,7.730000019073486,398900
2016-05-24,7.809999942779541,7.869999885559082,7.525000095367432,7.840000152587891,397200
2016-05-25,7.78000020980835,7.940000057220459,7.699999809265137,7.840000152587891,426200
2016-05-26,7.21999979019165,7.789999961853027,7.150000095367432,7.789999961853027,920100
2016-05-27,7.730000019073486,7.860000133514404,7.409999847412109,7.849999904632568,843300
2016-05-31,7.519999980926514,7.789999961853027,7.400000095367432,7.789999961853027,1117800
2016-06-01,7.71999979019165,7.78000020980835,7.349999904632568,7.489999771118164,486400
2016-06-02,8.449999809265137,8.460000038146973,7.630000114440918,7.71999979019165,712600
2016-06-03,7.909999847412109,8.579999923706055,7.889999866485596,8.399999618530273,436000
2016-06-06,8.180000305175781,8.199999809265137,7.400000095367432,7.75,537300
2016-06-07,8.079999923706055,8.399999618530273,7.860000133514404,8.300000190734863,361000
2016-06-08,7.679999828338623,8.149999618530273,7.480000019073486,8.09000015258789,530000
2016-06-09,7.389999866485596,7.829999923706055,7.360000133514404,7.619999885559082,378300
2016-06-10,7.159999847412109,7.460000038146973,7.079999923706055,7.329999923706055,421300
2016-06-13,7.019999980926514,7.289999961853027,6.989999771118164,7.170000076293945,414100
2016-06-14,7.0,7.190000057220459,6.800000190734863,7.0,845000
2016-06-15,7.010000228881836,7.21999979019165,6.820000171661377,7.070000171661377,536700
2016-06-16,7.389999866485596,7.53000020980835,6.71999979019165,7.0,1242500
2016-06-17,6.880000114440918,7.440000057220459,6.820000171661377,7.409999847412109,1291500
2016-06-20,7.019999980926514,7.159999847412109,6.900000095367432,6.980000019073486,305000
2016-06-21,6.690000057220459,7.050000190734863,6.670000076293945,7.03000020980835,619000
2016-06-22,6.5,6.829999923706055,6.369999885559082,6.679999828338623,567100
2016-06-23,6.71999979019165,6.78000020980835,6.429999828338623,6.570000171661377,412300
2016-06-24,6.050000190734863,6.409999847412109,6.0,6.199999809265137,625300
2016-06-27,6.070000171661377,6.190000057220459,5.849999904632568,6.039999961853027,508600
2016-06-28,5.96999979019165,6.320000171661377,5.960000038146973,6.159999847412109,410200
2016-06-29,6.010000228881836,6.090000152587891,5.900000095367432,6.090000152587891,540200
2016-06-30,6.059999942779541,6.079999923706055,5.800000190734863,6.010000228881836,482700
2016-07-01,6.369999885559082,6.400000095367432,6.03000020980835,6.03000020980835,361200
2016-07-05,6.0,6.4029998779296875,5.820000171661377,6.300000190734863,501200
2016-07-06,6.019999980926514,6.215000152587891,5.940000057220459,5.96999979019165,259700
2016-07-07,6.110000133514404,6.159999847412109,5.949999809265137,6.019999980926514,304700
2016-07-08,6.159999847412109,6.255000114440918,6.059999942779541,6.139999866485596,223700
2016-07-11,6.190000057220459,6.300000190734863,6.110000133514404,6.21999979019165,243400
2016-07-12,6.199999809265137,6.369999885559082,6.150000095367432,6.239999771118164,244500
2016-07-13,6.050000190734863,6.300000190734863,5.989999771118164,6.260000228881836,204200
2016-07-14,5.96999979019165,6.099999904632568,5.920000076293945,6.099999904632568,257800
2016-07-15,5.860000133514404,6.059999942779541,5.840000152587891,5.980000019073486,336800
2016-07-18,5.940000057220459,5.980000019073486,5.610000133514404,5.849999904632568,322000
2016-07-19,5.630000114440918,5.949999809265137,5.630000114440918,5.909999847412109,186700
2016-07-20,5.929999828338623,5.960000038146973,5.610000133514404,5.650000095367432,304600
2016-07-21,6.039999961853027,6.150000095367432,5.960000038146973,5.96999979019165,266300
2016-07-22,5.829999923706055,6.070000171661377,5.769999980926514,6.039999961853027,250300
2016-07-25,5.789999961853027,5.980000019073486,5.75,5.840000152587891,134600
2016-07-26,5.849999904632568,5.989999771118164,5.679999828338623,5.789999961853027,310400
2016-07-27,6.389999866485596,6.510000228881836,5.889999866485596,5.889999866485596,534400
2016-07-28,6.309999942779541,6.5,6.130000114440918,6.340000152587891,248100
2016-07-29,5.909999847412109,6.453000068664551,5.889999866485596,6.269999980926514,420000
2016-08-01,5.789999961853027,6.054999828338623,5.670000076293945,5.980000019073486,344800
2016-08-02,5.71999979019165,5.829999923706055,5.650000095367432,5.769999980926514,448700
2016-08-03,6.070000171661377,6.070000171661377,5.650000095367432,5.690000057220459,397100
2016-08-04,5.869999885559082,6.139999866485596,5.849999904632568,6.059999942779541,147900
2016-08-05,6.019999980926514,6.070000171661377,5.849999904632568,6.010000228881836,154300
2016-08-08,5.550000190734863,5.71999979019165,5.409999847412109,5.71999979019165,635700
2016-08-09,5.559999942779541,5.599999904632568,5.489999771118164,5.5,533300
2016-08-10,5.489999771118164,5.760000228881836,5.420000076293945,5.760000228881836,379300
2016-08-11,5.730000019073486,5.75,5.460000038146973,5.510000228881836,261800
2016-08-12,6.010000228881836,6.150000095367432,5.599999904632568,5.690000057220459,380100
2016-08-15,6.010000228881836,6.110000133514404,5.817999839782715,5.980000019073486,251100
2016-08-16,6.010000228881836,6.090000152587891,5.960000038146973,6.010000228881836,291400
2016-08-17,6.079999923706055,6.239999771118164,5.980000019073486,6.010000228881836,214700
2016-08-18,6.050000190734863,6.150000095367432,6.019999980926514,6.070000171661377,146700
2016-08-19,6.050000190734863,6.09499979019165,5.909999847412109,6.039999961853027,235300
2016-08-22,6.150000095367432,6.184999942779541,6.039999961853027,6.059999942779541,125000
2016-08-23,6.21999979019165,6.28000020980835,6.110000133514404,6.179999828338623,145100
2016-08-24,6.789999961853027,7.349999904632568,6.400000095367432,6.400000095367432,1552300
2016-08-25,6.21999979019165,6.929999828338623,6.014999866485596,6.789999961853027,608300
2016-08-26,6.340000152587891,6.599999904632568,6.110000133514404,6.179999828338623,509900
2016-08-29,6.179999828338623,6.40500020980835,5.960000038146973,6.340000152587891,326800
2016-08-30,6.380000114440918,6.599999904632568,6.079999923706055,6.150000095367432,371100
2016-08-31,6.349999904632568,6.5,6.21999979019165,6.340000152587891,337700
2016-09-01,6.510000228881836,6.53000020980835,6.300000190734863,6.349999904632568,217100
2016-09-02,6.53000020980835,6.599999904632568,6.440000057220459,6.579999923706055,179200
2016-09-06,6.659999847412109,6.829999923706055,6.579999923706055,6.579999923706055,253600
2016-09-07,6.820000171661377,6.869999885559082,6.550000190734863,6.590000152587891,185000
2016-09-08,7.059999942779541,7.079999923706055,6.625,6.699999809265137,358600
2016-09-09,6.639999866485596,7.099999904632568,6.639999866485596,6.960000038146973,364000
2016-09-12,6.900000095367432,6.909999847412109,6.5,6.510000228881836,186700
2016-09-13,6.849999904632568,6.920000076293945,6.619999885559082,6.860000133514404,198100
2016-09-14,7.0,7.059999942779541,6.849999904632568,6.869999885559082,223900
2016-09-15,7.28000020980835,7.409999847412109,6.920000076293945,7.019999980926514,468300
2016-09-16,7.289999961853027,7.489999771118164,7.139999866485596,7.489999771118164,465900
2016-09-19,7.650000095367432,7.710000038146973,7.230000019073486,7.320000171661377,432400
2016-09-20,7.440000057220459,7.739999771118164,7.409999847412109,7.739999771118164,441300
2016-09-21,7.71999979019165,7.760000228881836,7.400000095367432,7.5,319500
2016-09-22,7.659999847412109,7.900000095367432,7.570000171661377,7.789999961853027,241100
2016-09-23,7.659999847412109,7.889999866485596,7.559999942779541,7.679999828338623,245000
2016-09-26,7.699999809265137,7.760000228881836,7.579999923706055,7.610000133514404,214500
2016-09-27,7.980000019073486,8.0600004196167,7.565000057220459,7.679999828338623,238300
2016-09-28,7.900000095367432,8.1899995803833,7.769999980926514,7.980000019073486,283800
2016-09-29,7.46999979019165,7.920000076293945,7.445000171661377,7.920000076293945,230000
2016-09-30,7.739999771118164,7.869999885559082,7.340000152587891,7.519999980926514,245200
2016-10-03,7.800000190734863,7.820000171661377,7.630000114440918,7.650000095367432,171700
2016-10-04,7.909999847412109,8.029999732971191,7.829999923706055,7.840000152587891,105300
2016-10-05,8.380000114440918,8.550000190734863,7.760000228881836,7.760000228881836,416100
2016-10-06,8.420000076293945,8.619999885559082,8.039999961853027,8.510000228881836,280800
2016-10-07,8.640000343322754,8.970000267028809,8.369999885559082,8.470000267028809,398200
2016-10-10,9.329999923706055,9.569999694824219,8.65999984741211,8.65999984741211,683000
2016-10-11,8.890000343322754,9.39900016784668,8.760000228881836,9.229999542236328,512800
2016-10-12,8.25,8.90999984741211,8.229999542236328,8.890000343322754,338800
2016-10-13,6.849999904632568,7.328999996185303,6.699999809265137,7.230000019073486,4847800
2016-10-14,6.590000152587891,7.309999942779541,6.539999961853027,7.010000228881836,1109800
2016-10-17,6.010000228881836,6.583000183105469,5.929999828338623,6.559999942779541,686900
2016-10-18,6.230000019073486,6.480000019073486,6.059999942779541,6.130000114440918,580900
2016-10-19,5.900000095367432,6.269999980926514,5.889999866485596,6.230000019073486,615000
2016-10-20,6.059999942779541,6.139999866485596,5.769999980926514,5.869999885559082,516900
2016-10-21,6.409999847412109,6.519999980926514,6.0,6.079999923706055,693800
2016-10-24,6.230000019073486,6.461999893188477,6.179999828338623,6.429999828338623,369900
2016-10-25,6.099999904632568,6.300000190734863,5.989999771118164,6.260000228881836,486100
2016-10-26,5.820000171661377,6.099999904632568,5.769999980926514,6.090000152587891,352100
2016-10-27,5.730000019073486,5.960000038146973,5.679999828338623,5.849999904632568,441900
2016-10-28,5.659999847412109,5.78000020980835,5.46999979019165,5.75,514700
2016-10-31,5.349999904632568,5.650000095367432,5.300000190734863,5.650000095367432,304500
2016-11-01,5.599999904632568,5.599999904632568,5.25,5.349999904632568,422800
2016-11-02,5.349999904632568,5.650000095367432,5.25,5.650000095367432,287000
2016-11-03,5.0,5.449999809265137,4.900000095367432,5.25,514700
2016-11-04,5.25,5.400000095367432,4.949999809265137,4.949999809265137,298200
2016-11-07,5.099999904632568,5.400000095367432,4.949999809265137,4.949999809265137,462700
2016-11-08,5.300000190734863,5.349999904632568,4.949999809265137,5.199999809265137,328300
2016-11-09,5.5,5.75,5.300000190734863,5.449999809265137,815100
2016-11-10,5.599999904632568,5.800000190734863,5.449999809265137,5.650000095367432,549400
2016-11-11,5.599999904632568,5.699999809265137,5.400000095367432,5.599999904632568,755800
2016-11-14,5.699999809265137,6.0,5.550000190734863,5.800000190734863,635500
2016-11-15,5.599999904632568,5.75,5.449999809265137,5.650000095367432,472300
2016-11-16,5.650000095367432,5.849999904632568,5.5,5.599999904632568,474500
2016-11-17,5.800000190734863,5.875,5.550000190734863,5.699999809265137,692700
2016-11-18,5.900000095367432,6.0,5.724999904632568,5.849999904632568,570800
2016-11-21,6.050000190734863,6.099999904632568,5.875,5.949999809265137,440700
2016-11-22,5.900000095367432,6.25,5.800000190734863,6.199999809265137,504500
2016-11-23,5.800000190734863,5.849999904632568,5.599999904632568,5.849999904632568,268900
2016-11-25,5.800000190734863,5.849999904632568,5.650000095367432,5.849999904632568,131000
2016-11-28,5.75,5.900000095367432,5.650000095367432,5.699999809265137,185900
2016-11-29,5.599999904632568,6.0,5.5,5.800000190734863,614600
2016-11-30,5.75,5.849999904632568,5.650000095367432,5.650000095367432,245300
2016-12-01,5.449999809265137,5.849999904632568,5.199999809265137,5.849999904632568,572500
2016-12-02,5.5,5.800000190734863,5.300000190734863,5.400000095367432,341000
2016-12-05,5.699999809265137,5.75,5.5,5.650000095367432,516100
2016-12-06,5.599999904632568,5.75,5.400000095367432,5.599999904632568,276500
2016-12-07,5.150000095367432,5.610000133514404,5.050000190734863,5.599999904632568,445400
2016-12-08,5.199999809265137,5.349999904632568,5.050000190734863,5.25,316100
2016-12-09,5.199999809265137,5.474999904632568,5.125,5.25,330400
2016-12-12,5.050000190734863,5.199999809265137,4.949999809265137,5.150000095367432,424900
2016-12-13,4.949999809265137,5.25,4.949999809265137,5.099999904632568,370000
2016-12-14,4.949999809265137,5.150000095367432,4.800000190734863,5.0,592600
2016-12-15,5.0,5.050000190734863,4.900000095367432,5.0,378600
2016-12-16,5.0,5.099999904632568,4.949999809265137,4.949999809265137,640300
2016-12-19,4.75,5.099999904632568,4.699999809265137,4.949999809265137,622600
2016-12-20,4.650000095367432,4.849999904632568,4.5,4.800000190734863,1168600
2016-12-21,4.699999809265137,4.900000095367432,4.599999904632568,4.650000095367432,791700
2016-12-22,4.699999809265137,4.800000190734863,4.599999904632568,4.650000095367432,318300
2016-12-23,4.900000095367432,4.949999809265137,4.632999897003174,4.650000095367432,483500
2016-12-27,4.75,5.199999809265137,4.699999809265137,4.900000095367432,603300
2016-12-28,4.699999809265137,4.900000095367432,4.599999904632568,4.75,452500
2016-12-29,4.75,4.949999809265137,4.659999847412109,4.699999809265137,351100
2016-12-30,4.650000095367432,4.800000190734863,4.550000190734863,4.75,572200
2017-01-03,4.449999809265137,4.849999904632568,4.349999904632568,4.800000190734863,578100
2017-01-04,4.849999904632568,4.900000095367432,4.25,4.449999809265137,620600
2017-01-05,5.0,5.25,4.699999809265137,4.800000190734863,737600
2017-01-06,4.949999809265137,5.099999904632568,4.849999904632568,4.949999809265137,282700
2017-01-09,5.0,5.099999904632568,4.925000190734863,5.0,275800
2017-01-10,5.0,5.099999904632568,4.949999809265137,5.050000190734863,189400
2017-01-11,4.949999809265137,5.5,4.840000152587891,5.400000095367432,826100
2017-01-12,4.75,4.949999809265137,4.75,4.900000095367432,277900
2017-01-13,4.949999809265137,5.099999904632568,4.800000190734863,4.800000190734863,457900
2017-01-17,4.599999904632568,5.0,4.599999904632568,4.949999809265137,448300
2017-01-18,4.550000190734863,4.75,4.5,4.650000095367432,286500
2017-01-19,4.300000190734863,4.550000190734863,4.300000190734863,4.550000190734863,192600
2017-01-20,4.199999809265137,4.400000095367432,4.150000095367432,4.300000190734863,291700
2017-01-23,4.25,4.349999904632568,4.099999904632568,4.25,312700
2017-01-24,4.650000095367432,4.699999809265137,4.099999904632568,4.449999809265137,548700
2017-01-25,4.949999809265137,4.949999809265137,4.550000190734863,4.599999904632568,500300
2017-01-26,4.599999904632568,4.949999809265137,4.599999904632568,4.900000095367432,251500
2017-01-27,4.75,4.900000095367432,4.5,4.599999904632568,284800
2017-01-30,4.699999809265137,4.75,4.5,4.75,177300
2017-01-31,4.800000190734863,4.949999809265137,4.550000190734863,4.699999809265137,174900
2017-02-01,4.75,4.900000095367432,4.699999809265137,4.849999904632568,167300
2017-02-02,4.599999904632568,4.800000190734863,4.599999904632568,4.75,243100
2017-02-03,4.949999809265137,4.949999809265137,4.599999904632568,4.650000095367432,233700
2017-02-06,4.900000095367432,5.050000190734863,4.900000095367432,4.949999809265137,110300
2017-02-07,4.849999904632568,5.0,4.75,4.900000095367432,163300
2017-02-08,4.75,4.849999904632568,4.699999809265137,4.849999904632568,128400
2017-02-09,5.0,5.0,4.75,4.800000190734863,94600
2017-02-10,5.0,5.0,4.900000095367432,4.949999809265137,129100
2017-02-13,5.0,5.199999809265137,4.849999904632568,5.050000190734863,324400
2017-02-14,5.0,5.199999809265137,4.875,4.949999809265137,431400
2017-02-15,4.900000095367432,5.0,4.75,4.900000095367432,329900
2017-02-16,4.699999809265137,4.900000095367432,4.699999809265137,4.849999904632568,143000
2017-02-17,4.650000095367432,4.75,4.5,4.699999809265137,415800
2017-02-21,4.699999809265137,4.75,4.550000190734863,4.650000095367432,289500
2017-02-22,5.150000095367432,5.5,4.849999904632568,5.050000190734863,1113200
2017-02-23,5.599999904632568,5.849999904632568,5.150000095367432,5.25,1267900
2017-02-24,5.900000095367432,6.0,5.5,5.599999904632568,658100
2017-02-27,5.849999904632568,6.199999809265137,5.505000114440918,6.0,647000
2017-02-28,5.699999809265137,6.0,5.599999904632568,5.900000095367432,408800
2017-03-01,5.75,5.900000095367432,5.599999904632568,5.699999809265137,351100
2017-03-02,5.599999904632568,5.900000095367432,5.550000190734863,5.800000190734863,330600
2017-03-03,5.349999904632568,5.775000095367432,5.349999904632568,5.599999904632568,490500
2017-03-06,10.199999809265137,11.600000381469727,9.100000381469727,10.25,33774400
2017-03-07,10.899999618530273,11.600000381469727,9.850000381469727,10.5,11196700
2017-03-08,10.149999618530273,11.1899995803833,9.850000381469727,10.899999618530273,4419400
2017-03-09,11.800000190734863,12.0,10.25,10.550000190734863,11696300
2017-03-10,11.399999618530273,12.600000381469727,11.199999809265137,11.899999618530273,6755600
2017-03-13,12.199999809265137,12.295000076293945,11.300000190734863,11.949999809265137,3310100
2017-03-14,13.149999618530273,13.850000381469727,11.550000190734863,12.199999809265137,4887200
2017-03-15,14.449999809265137,14.449999809265137,13.149999618530273,13.25,6349100
2017-03-16,13.899999618530273,15.050000190734863,13.100000381469727,14.600000381469727,5160300
2017-03-17,13.550000190734863,14.0,13.100000381469727,13.75,1845600
2017-03-20,13.25,13.449999809265137,12.550000190734863,13.399999618530273,2667000
2017-03-21,11.75,13.25,11.600000381469727,13.199999809265137,2962600
2017-03-22,11.100000381469727,11.699999809265137,11.050000190734863,11.5,2002800
2017-03-23,10.899999618530273,11.225000381469727,10.399999618530273,11.100000381469727,3239900
2017-03-24,11.399999618530273,11.550000190734863,10.949999809265137,10.949999809265137,1745500
2017-03-27,11.649999618530273,11.699999809265137,10.949999809265137,11.149999618530273,1247000
2017-03-28,11.600000381469727,11.9399995803833,11.300000190734863,11.699999809265137,1093000
2017-03-29,11.699999809265137,12.239999771118164,11.600000381469727,11.699999809265137,1062400
2017-03-30,11.449999809265137,11.850000381469727,10.949999809265137,11.649999618530273,1144100
2017-03-31,11.649999618530273,11.737000465393066,11.149999618530273,11.5,1436300
2017-04-03,11.050000190734863,11.699999809265137,10.850000381469727,11.699999809265137,1631800
2017-04-04,11.050000190734863,11.550000190734863,10.850000381469727,11.100000381469727,1182900
2017-04-05,10.449999809265137,11.149999618530273,10.149999618530273,11.050000190734863,2038800
2017-04-06,10.399999618530273,10.449999809265137,9.800000190734863,10.399999618530273,1905600
2017-04-07,10.550000190734863,10.600000381469727,10.125,10.350000381469727,1219800
2017-04-10,10.25,10.699999809265137,10.100000381469727,10.550000190734863,770900
2017-04-11,10.25,10.399999618530273,10.050000190734863,10.25,738500
2017-04-12,10.0,10.300000190734863,9.949999809265137,10.300000190734863,942600
2017-04-13,9.899999618530273,10.199999809265137,9.800000190734863,10.0,889900
2017-04-17,10.5,10.694999694824219,9.850000381469727,9.850000381469727,1391700
2017-04-18,10.0,10.52400016784668,9.949999809265137,10.350000381469727,1107300
2017-04-19,10.300000190734863,10.699999809265137,10.100000381469727,10.100000381469727,1004000
2017-04-20,10.449999809265137,10.795000076293945,10.350000381469727,10.399999618530273,1011800
2017-04-21,10.300000190734863,10.75,10.199999809265137,10.5,1120500
2017-04-24,10.399999618530273,10.600000381469727,10.050000190734863,10.600000381469727,903200
2017-04-25,12.0,12.149999618530273,10.75,10.800000190734863,3744300
2017-04-26,12.149999618530273,12.800000190734863,11.850000381469727,12.399999618530273,2972600
2017-04-27,11.949999809265137,12.227999687194824,11.600000381469727,12.149999618530273,1499300
2017-04-28,11.050000190734863,12.6899995803833,11.0,12.449999809265137,2435900
2017-05-01,10.899999618530273,11.100000381469727,10.600000381469727,11.0,949300
2017-05-02,10.800000190734863,10.949999809265137,10.5,10.949999809265137,942400
2017-05-03,10.449999809265137,10.699999809265137,10.199999809265137,10.699999809265137,1205500
2017-05-04,10.149999618530273,10.699999809265137,10.050000190734863,10.449999809265137,1193100
2017-05-05,10.050000190734863,10.145000457763672,9.404999732971191,10.100000381469727,2543600
2017-05-08,10.399999618530273,10.649999618530273,9.800000190734863,9.899999618530273,1108000
2017-05-09,10.800000190734863,10.800000190734863,10.25,10.350000381469727,798300
2017-05-10,11.300000190734863,11.375,10.550000190734863,10.75,1031900
2017-05-11,11.050000190734863,11.25,10.850000381469727,11.149999618530273,787200
2017-05-12,11.75,12.199999809265137,11.0,11.050000190734863,1481500
2017-05-15,11.649999618530273,12.100000381469727,11.5,11.800000190734863,900100
2017-05-16,11.399999618530273,11.800000190734863,11.25,11.699999809265137,964400
2017-05-17,11.100000381469727,11.449999809265137,10.850000381469727,11.100000381469727,1238000
2017-05-18,11.199999809265137,11.25,10.699999809265137,11.100000381469727,926300
2017-05-19,11.350000381469727,11.600000381469727,11.100000381469727,11.300000190734863,1123700
2017-05-22,11.449999809265137,11.649999618530273,11.149999618530273,11.350000381469727,730800
2017-05-23,11.949999809265137,12.949999809265137,11.699999809265137,12.149999618530273,3456300
2017-05-24,11.850000381469727,12.050000190734863,11.5,12.050000190734863,920700
2017-05-25,11.899999618530273,12.0,11.649999618530273,11.850000381469727,731800
2017-05-26,12.050000190734863,12.550000190734863,11.800000190734863,11.899999618530273,1266500
2017-05-30,11.350000381469727,11.850000381469727,11.199999809265137,11.800000190734863,1464000
2017-05-31,11.25,11.5,10.994999885559082,11.399999618530273,762800
2017-06-01,11.800000190734863,11.850000381469727,11.199999809265137,11.350000381469727,772000
2017-06-02,13.850000381469727,14.100000381469727,11.949999809265137,11.949999809265137,3964100
2017-06-05,13.0,15.350000381469727,12.850000381469727,15.100000381469727,7577800
2017-06-06,12.649999618530273,12.949999809265137,12.199999809265137,12.899999618530273,2147900
2017-06-07,12.300000190734863,12.75,11.850000381469727,12.600000381469727,1612300
2017-06-08,13.0,13.149999618530273,12.121999740600586,12.300000190734863,1276900
2017-06-09,12.100000381469727,13.0,11.864999771118164,13.0,1821900
2017-06-12,11.149999618530273,12.199999809265137,11.0,12.199999809265137,2676300
2017-06-13,10.649999618530273,11.399999618530273,10.550000190734863,11.300000190734863,2446900
2017-06-14,11.199999809265137,11.800000190734863,10.550000190734863,10.75,3261600
2017-06-15,11.050000190734863,11.194999694824219,10.800000190734863,11.100000381469727,1326400
2017-06-16,11.100000381469727,11.449999809265137,10.899999618530273,11.300000190734863,5792200
2017-06-19,11.0,11.449999809265137,10.904999732971191,11.100000381469727,1395900
2017-06-20,11.100000381469727,11.350000381469727,10.949999809265137,10.949999809265137,1590300
2017-06-21,11.449999809265137,11.730999946594238,11.100000381469727,11.199999809265137,1748500
2017-06-22,12.0,12.149999618530273,11.350000381469727,11.550000190734863,1574800
2017-06-23,11.949999809265137,12.199999809265137,11.550000190734863,12.0,2045300
2017-06-26,11.600000381469727,12.300000190734863,11.550000190734863,12.199999809265137,1478900
2017-06-27,11.050000190734863,11.675000190734863,10.949999809265137,11.550000190734863,1433400
2017-06-28,11.350000381469727,11.5,10.949999809265137,11.0,1374200
2017-06-29,10.600000381469727,11.199999809265137,10.574999809265137,11.199999809265137,2022400
2017-06-30,10.050000190734863,10.5,10.0,10.5,1727800
2017-07-03,10.149999618530273,10.25,9.949999809265137,10.149999618530273,867500
2017-07-05,10.149999618530273,10.350000381469727,10.0,10.100000381469727,1301300
2017-07-06,10.100000381469727,10.1899995803833,9.800000190734863,10.0,1501900
2017-07-07,10.300000190734863,10.399999618530273,9.975000381469727,10.149999618530273,1187600
2017-07-10,10.449999809265137,10.5,10.0,10.199999809265137,1006200
2017-07-11,10.399999618530273,10.5,10.199999809265137,10.5,1084900
2017-07-12,10.600000381469727,10.600000381469727,10.194999694824219,10.550000190734863,1121600
2017-07-13,10.699999809265137,10.949999809265137,10.300000190734863,10.649999618530273,1176200
2017-07-14,10.850000381469727,11.0,10.399999618530273,10.699999809265137,1111700
2017-07-17,11.199999809265137,11.300000190734863,10.699999809265137,10.850000381469727,1066100
2017-07-18,11.25,11.649999618530273,11.100000381469727,11.649999618530273,1055100
2017-07-19,11.199999809265137,11.5,11.100000381469727,11.25,910400
2017-07-20,11.699999809265137,11.850000381469727,11.100000381469727,11.199999809265137,1288400
2017-07-21,12.199999809265137,12.25,11.600000381469727,11.800000190734863,1616100
2017-07-24,12.050000190734863,12.600000381469727,11.949999809265137,12.199999809265137,1534300
2017-07-25,11.350000381469727,12.199999809265137,11.324999809265137,12.100000381469727,1634200
2017-07-26,11.800000190734863,11.899999618530273,11.350000381469727,11.399999618530273,898500
2017-07-27,11.550000190734863,12.125,11.375,11.899999618530273,1237600
2017-07-28,11.75,11.774999618530273,11.350000381469727,11.5,534900
2017-07-31,11.5,11.899999618530273,11.300000190734863,11.699999809265137,811000
2017-08-01,11.100000381469727,11.800000190734863,11.0,11.600000381469727,1011700
2017-08-02,11.050000190734863,11.246000289916992,10.949999809265137,11.100000381469727,1156000
2017-08-03,10.399999618530273,11.149999618530273,10.350000381469727,11.050000190734863,1559100
2017-08-04,10.350000381469727,10.649999618530273,10.199999809265137,10.300000190734863,1117800
2017-08-07,10.149999618530273,10.600000381469727,10.050000190734863,10.199999809265137,838800
2017-08-08,10.0,10.449999809265137,9.949999809265137,10.199999809265137,1157200
2017-08-09,10.149999618530273,10.6899995803833,10.050000190734863,10.25,817400
2017-08-10,10.100000381469727,10.300000190734863,9.850000381469727,10.149999618530273,1653300
2017-08-11,11.350000381469727,11.449999809265137,10.149999618530273,10.25,1871100
2017-08-14,11.600000381469727,11.600000381469727,11.100000381469727,11.5,1143800
2017-08-15,11.350000381469727,11.949999809265137,11.274999618530273,11.5,1362500
2017-08-16,11.25,11.449999809265137,11.050000190734863,11.399999618530273,688300
2017-08-17,11.0,11.5,11.0,11.25,997100
2017-08-18,10.850000381469727,11.050000190734863,10.732000350952148,10.949999809265137,889400
2017-08-21,10.949999809265137,11.0,10.550000190734863,10.850000381469727,898300
2017-08-22,11.5,11.5,10.850000381469727,10.949999809265137,933100
2017-08-23,11.75,11.850000381469727,11.25,11.350000381469727,1039600
2017-08-24,11.949999809265137,12.024999618530273,11.550000190734863,11.649999618530273,1086200
2017-08-25,11.449999809265137,12.100000381469727,11.399999618530273,12.050000190734863,865600
2017-08-28,11.899999618530273,11.899999618530273,11.399999618530273,11.5,987000
2017-08-29,12.100000381469727,12.149999618530273,11.5600004196167,11.699999809265137,988300
2017-08-30,12.199999809265137,12.800000190734863,12.050000190734863,12.050000190734863,1534700
2017-08-31,12.699999809265137,12.725000381469727,12.149999618530273,12.25,1110500
2017-09-01,12.699999809265137,12.75,12.25,12.699999809265137,909400
2017-09-05,12.600000381469727,12.899999618530273,12.399999618530273,12.699999809265137,1037600
2017-09-06,12.100000381469727,12.800000190734863,12.0,12.699999809265137,1198300
2017-09-07,12.649999618530273,12.699999809265137,11.805000305175781,12.100000381469727,980000
2017-09-08,12.199999809265137,13.100000381469727,12.0,12.649999618530273,1579500
2017-09-11,12.449999809265137,12.649999618530273,12.25,12.25,895100
2017-09-12,11.550000190734863,12.550000190734863,11.550000190734863,12.449999809265137,1602000
2017-09-13,11.75,11.850000381469727,11.449999809265137,11.600000381469727,789200
2017-09-14,11.899999618530273,11.899999618530273,11.449999809265137,11.649999618530273,671600
2017-09-15,12.0,12.199999809265137,11.699999809265137,11.899999618530273,2090500
2017-09-18,11.75,12.100000381469727,11.625,12.0,964800
2017-09-19,11.5,11.899999618530273,11.390000343322754,11.800000190734863,760300
2017-09-20,11.550000190734863,11.699999809265137,11.149999618530273,11.5,877000
2017-09-21,11.800000190734863,11.850000381469727,11.25,11.600000381469727,803300
2017-09-22,11.949999809265137,12.0,11.649999618530273,11.850000381469727,768700
2017-09-25,12.0,12.055000305175781,11.699999809265137,11.899999618530273,939300
2017-09-26,11.350000381469727,12.0,11.300000190734863,11.899999618530273,836900
2017-09-27,11.699999809265137,11.899999618530273,11.399999618530273,11.550000190734863,868100
2017-09-28,11.800000190734863,12.0,11.600000381469727,11.75,637800
2017-09-29,11.850000381469727,12.0,11.600000381469727,11.850000381469727,1083200
2017-10-02,12.0,12.050000190734863,11.600000381469727,11.899999618530273,981000
2017-10-03,12.0,12.800000190734863,11.899999618530273,12.800000190734863,1184700
2017-10-04,12.149999618530273,12.25,11.800000190734863,11.949999809265137,1089700
2017-10-05,12.25,12.449999809265137,12.100000381469727,12.149999618530273,582400
2017-10-06,12.300000190734863,12.527999877929688,12.100000381469727,12.25,553400
2017-10-09,11.899999618530273,12.449999809265137,11.850000381469727,12.300000190734863,679300
2017-10-10,11.949999809265137,12.149999618530273,11.725000381469727,11.949999809265137,577700
2017-10-11,11.600000381469727,12.050000190734863,11.425000190734863,12.0,1181100
2017-10-12,11.25,11.699999809265137,11.199999809265137,11.600000381469727,806100
2017-10-13,11.0,11.25,10.75,11.199999809265137,898900
2017-10-16,9.274999618530273,10.149999618530273,9.149999618530273,9.649999618530273,4627600
2017-10-17,8.425000190734863,9.449999809265137,8.350000381469727,9.399999618530273,2687400
2017-10-18,7.949999809265137,8.699999809265137,7.75,8.5,4312200
2017-10-19,7.5,8.045000076293945,7.449999809265137,8.0,1955100
2017-10-20,8.600000381469727,8.699999809265137,7.5,7.599999904632568,2699500
2017-10-23,8.399999618530273,8.899999618530273,8.100000381469727,8.800000190734863,2173800
2017-10-24,7.949999809265137,8.600000381469727,7.900000095367432,8.350000381469727,1489900
2017-10-25,8.050000190734863,8.100000381469727,7.650000095367432,8.0,1099500
2017-10-26,7.800000190734863,8.0,7.5,8.0,1568800
2017-10-27,8.149999618530273,8.199999809265137,7.650000095367432,7.949999809265137,1395000
2017-10-30,8.050000190734863,8.399999618530273,8.0,8.050000190734863,894500
2017-10-31,8.149999618530273,8.350000381469727,8.0,8.050000190734863,950300
2017-11-01,7.800000190734863,8.375,7.800000190734863,8.300000190734863,977200
2017-11-02,8.050000190734863,8.09000015258789,7.75,7.800000190734863,802800
2017-11-03,8.300000190734863,8.300000190734863,7.900000095367432,8.050000190734863,1006000
2017-11-06,7.849999904632568,8.399999618530273,7.84499979019165,8.350000381469727,918700
2017-11-07,7.550000190734863,7.974999904632568,7.550000190734863,7.900000095367432,1066600
2017-11-08,7.699999809265137,7.949999809265137,7.25,7.75,1210600
2017-11-09,8.300000190734863,8.600000381469727,7.684999942779541,7.800000190734863,1871000
2017-11-10,8.449999809265137,8.5,8.199999809265137,8.350000381469727,915200
2017-11-13,8.25,8.550000190734863,8.149999618530273,8.350000381469727,618300
2017-11-14,8.649999618530273,8.949999809265137,8.25,8.75,1539100
2017-11-15,8.449999809265137,8.640000343322754,8.300000190734863,8.550000190734863,895300
2017-11-16,8.300000190734863,8.649999618530273,8.199999809265137,8.449999809265137,2087600
2017-11-17,7.699999809265137,8.300000190734863,7.650000095367432,8.300000190734863,1555300
2017-11-20,7.699999809265137,7.928999900817871,7.599999904632568,7.75,913700
2017-11-21,7.400000095367432,7.800000190734863,7.300000190734863,7.699999809265137,2491300
2017-11-22,7.349999904632568,7.5,7.25,7.449999809265137,2148700
2017-11-24,7.650000095367432,7.699999809265137,7.25,7.400000095367432,680800
2017-11-27,7.599999904632568,8.0,7.550000190734863,7.699999809265137,1014700
2017-11-28,8.100000381469727,8.199999809265137,7.550000190734863,7.650000095367432,1041400
2017-11-29,8.199999809265137,8.449999809265137,8.074999809265137,8.149999618530273,966800
2017-11-30,8.600000381469727,8.600000381469727,8.149999618530273,8.25,1105800
2017-12-01,8.324999809265137,8.75,8.0,8.75,1253000
2017-12-04,8.149999618530273,8.600000381469727,8.100000381469727,8.5,884300
2017-12-05,7.949999809265137,8.25,7.900000095367432,8.149999618530273,981400
2017-12-06,7.900000095367432,8.100000381469727,7.599999904632568,8.0,1101900
2017-12-07,8.25,8.390000343322754,7.900000095367432,8.0,903300
2017-12-08,8.5,8.600000381469727,8.25,8.25,1292100
2017-12-11,8.25,8.850000381469727,8.100000381469727,8.649999618530273,1608700
2017-12-12,8.050000190734863,8.5,7.974999904632568,8.25,1162800
2017-12-13,8.199999809265137,8.300000190734863,8.0,8.100000381469727,1070600
2017-12-14,8.25,8.449999809265137,8.100000381469727,8.25,1859600
2017-12-15,8.25,8.399999618530273,8.175000190734863,8.25,1518800
2017-12-18,8.399999618530273,8.5,8.199999809265137,8.199999809265137,1030400
2017-12-19,8.199999809265137,8.545000076293945,8.199999809265137,8.5,897400
2017-12-20,8.399999618530273,8.449999809265137,8.170999526977539,8.300000190734863,673700
2017-12-21,8.399999618530273,8.595000267028809,8.300000190734863,8.350000381469727,720000
2017-12-22,8.5,8.649999618530273,8.300000190734863,8.5,866000
2017-12-26,8.449999809265137,8.5,8.25,8.5,426000
2017-12-27,8.399999618530273,8.550000190734863,8.350000381469727,8.449999809265137,2310600
2017-12-28,8.75,8.899999618530273,8.25,8.5,1180100
2017-12-29,8.199999809265137,8.84000015258789,8.199999809265137,8.800000190734863,1700500
2018-01-02,8.75,8.75,8.199999809265137,8.300000190734863,1301800
2018-01-03,9.25,9.545000076293945,8.649999618530273,8.75,1851300
2018-01-04,8.850000381469727,9.350000381469727,8.850000381469727,9.25,1974500
2018-01-05,9.100000381469727,9.350000381469727,8.75,8.850000381469727,1713100
2018-01-08,8.699999809265137,9.25,8.649999618530273,9.199999809265137,1595800
2018-01-09,8.850000381469727,9.0,8.649999618530273,8.800000190734863,784600
2018-01-10,9.199999809265137,9.225000381469727,8.699999809265137,8.850000381469727,1078800
2018-01-11,10.649999618530273,10.800000190734863,9.25,9.300000190734863,3381000
2018-01-12,9.875,10.60099983215332,9.550000190734863,10.550000190734863,2099600
2018-01-16,9.550000190734863,10.074999809265137,9.5,9.949999809265137,947400
2018-01-17,9.600000381469727,9.850000381469727,9.449999809265137,9.600000381469727,840000
2018-01-18,9.375,9.75,9.300000190734863,9.600000381469727,625600
2018-01-19,9.350000381469727,9.475000381469727,9.199999809265137,9.350000381469727,726200
2018-01-22,10.25,10.300000190734863,9.350000381469727,9.5,1533000
2018-01-23,10.350000381469727,10.350000381469727,9.949999809265137,10.199999809265137,1144800
2018-01-24,10.25,10.550000190734863,10.0,10.399999618530273,902000
2018-01-25,11.0,11.0,10.100000381469727,10.399999618530273,1682300
2018-01-26,12.350000381469727,12.40999984741211,11.0,11.199999809265137,3031200
2018-01-29,12.25,13.25,12.0600004196167,12.350000381469727,2763100
2018-01-30,11.699999809265137,12.199999809265137,11.399999618530273,11.949999809265137,1675200
2018-01-31,11.5,12.100000381469727,11.5,11.850000381469727,1037900
2018-02-01,11.300000190734863,11.654999732971191,11.055000305175781,11.5,1011500
2018-02-02,11.800000190734863,12.199999809265137,11.100000381469727,11.850000381469727,2674800
2018-02-05,12.0,12.524999618530273,11.600000381469727,11.699999809265137,4633800
2018-02-06,13.050000190734863,13.100000381469727,11.449999809265137,11.600000381469727,2993800
2018-02-07,12.399999618530273,13.199999809265137,12.149999618530273,13.0,3260500
2018-02-08,11.800000190734863,12.600000381469727,11.600000381469727,12.399999618530273,1936600
2018-02-09,11.75,11.949999809265137,10.899999618530273,11.949999809265137,2016700
2018-02-12,11.850000381469727,12.0,11.350000381469727,11.800000190734863,1042400
2018-02-13,11.600000381469727,11.899999618530273,11.524999618530273,11.800000190734863,777300
2018-02-14,12.449999809265137,12.75,11.449999809265137,11.5,1994100
2018-02-15,12.649999618530273,12.75,12.149999618530273,12.5,1104800
2018-02-16,12.199999809265137,12.949999809265137,12.055000305175781,12.649999618530273,1194600
2018-02-20,12.600000381469727,13.130000114440918,12.050000190734863,12.100000381469727,1970300
2018-02-21,13.850000381469727,14.5,12.75,12.75,3820000
2018-02-22,14.0,14.194999694824219,13.550000190734863,14.0,1915000
2018-02-23,14.050000190734863,14.100000381469727,13.654999732971191,14.0,962900
2018-02-26,14.149999618530273,14.25,13.800000190734863,14.050000190734863,741500
2018-02-27,14.25,15.050000190734863,13.850000381469727,14.050000190734863,1195300
2018-02-28,14.0,14.711999893188477,14.0,14.449999809265137,1142900
2018-03-01,14.399999618530273,14.649999618530273,14.024999618530273,14.100000381469727,981300
2018-03-02,14.975000381469727,15.128999710083008,14.100000381469727,14.100000381469727,1216900
2018-03-05,15.199999809265137,15.899999618530273,14.850000381469727,14.850000381469727,2124100
2018-03-06,15.0,15.508999824523926,14.774999618530273,15.5,1438500
2018-03-07,15.25,15.25,14.800000190734863,14.850000381469727,1348100
2018-03-08,16.450000762939453,16.899999618530273,14.859999656677246,15.0,2075200
2018-03-09,16.549999237060547,17.350000381469727,15.949999809265137,17.100000381469727,2745000
2018-03-12,16.450000762939453,16.649999618530273,15.604999542236328,16.549999237060547,1588200
2018-03-13,16.799999237060547,16.899999618530273,16.200000762939453,16.549999237060547,1367000
2018-03-14,16.75,16.899999618530273,16.299999237060547,16.799999237060547,1097000
2018-03-15,16.450000762939453,16.850000381469727,16.100000381469727,16.850000381469727,1138200
2018-03-16,16.200000762939453,16.5,16.0,16.350000381469727,2150500
2018-03-19,15.949999809265137,16.350000381469727,15.720000267028809,16.25,1098000
2018-03-20,16.0,16.149999618530273,15.850000381469727,15.949999809265137,796100
2018-03-21,16.100000381469727,16.25,15.75,16.049999237060547,809200
2018-03-22,15.75,16.274999618530273,15.699999809265137,15.850000381469727,969400
2018-03-23,14.949999809265137,15.75,14.850000381469727,15.75,1536700
2018-03-26,15.149999618530273,15.5,14.550000190734863,15.199999809265137,1207200
2018-03-27,14.399999618530273,15.524999618530273,14.350000381469727,15.300000190734863,1231300
2018-03-28,14.050000190734863,14.899999618530273,13.975000381469727,14.350000381469727,1297900
2018-03-29,14.199999809265137,14.399999618530273,13.800000190734863,14.149999618530273,1514600
2018-04-02,13.75,14.350000381469727,13.399999618530273,14.300000190734863,1273500
2018-04-03,13.75,14.100000381469727,13.399999618530273,13.75,922400
2018-04-04,14.149999618530273,14.149999618530273,13.5,13.550000190734863,939400
2018-04-05,13.5,14.399999618530273,13.475000381469727,14.199999809265137,1392000
2018-04-06,12.949999809265137,13.550000190734863,12.800000190734863,13.350000381469727,1107400
2018-04-09,13.100000381469727,13.300000190734863,12.800000190734863,13.199999809265137,1003000
2018-04-10,13.149999618530273,13.25,12.800000190734863,13.199999809265137,1419400
2018-04-11,14.0,14.149999618530273,12.850000381469727,13.149999618530273,1385600
2018-04-12,14.300000190734863,14.600000381469727,13.850000381469727,14.100000381469727,948900
2018-04-13,13.399999618530273,14.369999885559082,13.199999809265137,14.300000190734863,1009400
2018-04-16,13.149999618530273,13.944999694824219,13.149999618530273,13.550000190734863,557700
2018-04-17,14.050000190734863,14.050000190734863,13.199999809265137,13.199999809265137,1152800
2018-04-18,14.199999809265137,14.449999809265137,14.050000190734863,14.100000381469727,924400
2018-04-19,14.699999809265137,14.899999618530273,14.199999809265137,14.199999809265137,1149500
2018-04-20,14.399999618530273,14.800000190734863,14.350000381469727,14.699999809265137,630600
2018-04-23,14.050000190734863,14.600000381469727,13.800000190734863,14.350000381469727,768100
2018-04-24,14.350000381469727,14.524999618530273,13.899999618530273,14.399999618530273,1123400
2018-04-25,14.25,14.449999809265137,13.800000190734863,14.350000381469727,791800
2018-04-26,14.800000190734863,14.850000381469727,14.149999618530273,14.350000381469727,937000
2018-04-27,15.0,15.050000190734863,14.600000381469727,14.75,673100
2018-04-30,14.350000381469727,15.100000381469727,14.310999870300293,15.100000381469727,906100
2018-05-01,14.25,14.675000190734863,14.074999809265137,14.399999618530273,759800
2018-05-02,14.100000381469727,14.550000190734863,14.0,14.149999618530273,679500
2018-05-03,13.449999809265137,14.25,13.350000381469727,14.100000381469727,853000
2018-05-04,13.25,13.600000381469727,13.100000381469727,13.550000190734863,1197200
2018-05-07,13.449999809265137,13.5,12.949999809265137,13.399999618530273,887600
2018-05-08,12.574999809265137,13.300000190734863,11.350000381469727,12.850000381469727,1971100
2018-05-09,12.949999809265137,13.25,12.25,12.5,816200
2018-05-10,12.5,13.222999572753906,12.324999809265137,12.949999809265137,852600
2018-05-11,13.100000381469727,13.199999809265137,12.300000190734863,12.350000381469727,880600
2018-05-14,13.800000190734863,14.100000381469727,13.15999984741211,13.199999809265137,1034300
2018-05-15,13.699999809265137,13.800000190734863,13.550000190734863,13.75,445200
2018-05-16,13.949999809265137,14.0,13.475000381469727,13.600000381469727,611500
2018-05-17,14.050000190734863,14.25,13.800000190734863,14.050000190734863,704700
2018-05-18,14.050000190734863,14.25,14.0,14.100000381469727,812000
2018-05-21,13.899999618530273,14.324999809265137,13.824999809265137,14.050000190734863,663700
2018-05-22,13.850000381469727,14.25,13.800000190734863,13.949999809265137,399900
2018-05-23,13.75,14.25,13.654999732971191,13.75,464300
2018-05-24,13.75,14.050000190734863,13.699999809265137,13.699999809265137,416300
2018-05-25,13.649999618530273,14.0,13.5,13.800000190734863,514800
2018-05-29,13.25,13.774999618530273,13.100000381469727,13.649999618530273,713800
2018-05-30,13.449999809265137,13.800000190734863,13.274999618530273,13.399999618530273,582300
2018-05-31,13.399999618530273,13.625,13.100000381469727,13.449999809265137,669800
2018-06-01,13.449999809265137,13.649999618530273,13.274999618530273,13.5,850900
2018-06-04,14.899999618530273,16.0,13.600000381469727,13.75,2703800
2018-06-05,14.949999809265137,15.404999732971191,14.699999809265137,15.0,1642300
2018-06-06,14.550000190734863,15.25,14.5,15.0,1081500
2018-06-07,13.949999809265137,14.600000381469727,13.800000190734863,14.600000381469727,1106300
2018-06-08,13.75,14.5,13.604999542236328,13.850000381469727,1083100
2018-06-11,13.600000381469727,14.199999809265137,13.399999618530273,13.899999618530273,1155600
2018-06-12,13.550000190734863,13.75,13.399999618530273,13.649999618530273,825100
2018-06-13,13.5,13.75,13.300000190734863,13.699999809265137,955000
2018-06-14,13.75,13.850000381469727,13.300000190734863,13.550000190734863,1263900
2018-06-15,13.699999809265137,13.899999618530273,13.199999809265137,13.75,2163500
2018-06-18,13.800000190734863,13.800000190734863,13.399999618530273,13.5,950500
2018-06-19,13.949999809265137,14.0,13.5,13.699999809265137,893400
2018-06-20,14.600000381469727,14.649999618530273,13.824999809265137,14.100000381469727,1657100
2018-06-21,13.850000381469727,14.649999618530273,13.774999618530273,14.649999618530273,2814500
2018-06-22,13.699999809265137,13.899999618530273,13.5,13.850000381469727,2122600
2018-06-25,12.699999809265137,13.550000190734863,12.600000381469727,13.399999618530273,1557300
2018-06-26,13.25,13.274999618530273,12.600000381469727,12.699999809265137,950400
2018-06-27,12.850000381469727,13.449999809265137,12.800000190734863,13.25,841000
2018-06-28,13.149999618530273,13.399999618530273,12.600000381469727,12.800000190734863,790800
2018-06-29,13.149999618530273,13.649999618530273,13.100000381469727,13.199999809265137,871200
2018-07-02,13.449999809265137,13.5,12.949999809265137,13.050000190734863,500700
2018-07-03,13.25,13.550000190734863,13.050000190734863,13.550000190734863,424800
2018-07-05,13.600000381469727,13.800000190734863,13.305000305175781,13.399999618530273,661700
2018-07-06,13.949999809265137,14.100000381469727,13.550000190734863,13.550000190734863,680300
2018-07-09,14.0,14.050000190734863,13.449999809265137,14.050000190734863,840400
2018-07-10,13.550000190734863,13.979999542236328,13.5,13.899999618530273,555400
2018-07-11,13.199999809265137,13.704999923706055,13.149999618530273,13.550000190734863,771800
2018-07-12,13.399999618530273,13.449999809265137,12.949999809265137,13.350000381469727,994200
2018-07-13,13.449999809265137,13.600000381469727,13.100000381469727,13.449999809265137,660700
2018-07-16,12.399999618530273,13.413000106811523,12.350000381469727,13.399999618530273,1466400
2018-07-17,12.0,12.550000190734863,11.850000381469727,12.399999618530273,1232200
2018-07-18,11.449999809265137,12.074999809265137,11.350000381469727,12.050000190734863,2110700
2018-07-19,12.199999809265137,12.800000190734863,11.149999618530273,11.25,1956200
2018-07-20,12.149999618530273,12.449999809265137,11.949999809265137,12.0,920000
2018-07-23,12.0,12.350000381469727,11.899999618530273,12.100000381469727,651600
2018-07-24,11.5,12.225000381469727,11.449999809265137,12.050000190734863,971100
2018-07-25,12.050000190734863,12.199999809265137,11.399999618530273,11.449999809265137,1093200
2018-07-26,11.550000190734863,11.949999809265137,11.5,11.949999809265137,862300
2018-07-27,11.0,11.649999618530273,10.850000381469727,11.649999618530273,1370900
2018-07-30,10.899999618530273,11.300000190734863,10.75,11.100000381469727,992000
2018-07-31,11.75,11.800000190734863,10.75,10.899999618530273,1272200
2018-08-01,11.75,11.949999809265137,11.449999809265137,11.649999618530273,1020300
2018-08-02,11.949999809265137,11.949999809265137,11.5,11.649999618530273,771100
2018-08-03,11.550000190734863,12.005000114440918,11.524999618530273,11.899999618530273,774100
2018-08-06,11.899999618530273,11.949999809265137,11.255000114440918,11.5,818500
2018-08-07,12.149999618530273,12.199999809265137,11.449999809265137,11.949999809265137,1129400
2018-08-08,11.5,12.25,11.350000381469727,11.699999809265137,1169200
2018-08-09,11.850000381469727,12.350000381469727,11.425000190734863,11.449999809265137,863000
2018-08-10,11.850000381469727,12.350000381469727,11.600000381469727,11.850000381469727,709500
2018-08-13,11.699999809265137,11.949999809265137,11.600000381469727,11.850000381469727,798800
2018-08-14,11.800000190734863,11.949999809265137,11.449999809265137,11.899999618530273,806500
2018-08-15,11.5,11.75,11.300000190734863,11.699999809265137,832500
2018-08-16,11.350000381469727,11.600000381469727,11.095000267028809,11.550000190734863,1047100
2018-08-17,11.550000190734863,11.75,11.199999809265137,11.350000381469727,1056400
2018-08-20,11.5,11.800000190734863,11.449999809265137,11.800000190734863,1090100
2018-08-21,12.149999618530273,12.5,11.5,11.649999618530273,1304000
2018-08-22,12.449999809265137,12.5,12.100000381469727,12.149999618530273,916000
2018-08-23,12.300000190734863,12.539999961853027,12.149999618530273,12.5,862200
2018-08-24,12.5,12.699999809265137,12.300000190734863,12.399999618530273,638400
2018-08-27,12.550000190734863,12.75,12.324999809265137,12.399999618530273,1032000
2018-08-28,12.600000381469727,12.699999809265137,12.350000381469727,12.550000190734863,739200
2018-08-29,12.550000190734863,12.75,12.300000190734863,12.649999618530273,887200
2018-08-30,12.600000381469727,12.824999809265137,12.449999809265137,12.550000190734863,964900
2018-08-31,12.699999809265137,12.899999618530273,12.449999809265137,12.550000190734863,928300
2018-09-04,12.399999618530273,12.850000381469727,12.300000190734863,12.699999809265137,991900
2018-09-05,12.399999618530273,12.5,12.050000190734863,12.399999618530273,854500
2018-09-06,11.899999618530273,12.449999809265137,11.850000381469727,12.350000381469727,1087200
2018-09-07,11.5,12.039999961853027,11.25,11.850000381469727,1329500
2018-09-10,11.399999618530273,11.800000190734863,11.149999618530273,11.600000381469727,877700
2018-09-11,11.899999618530273,11.899999618530273,11.175000190734863,11.399999618530273,797900
2018-09-12,11.024999618530273,11.854999542236328,11.0,11.850000381469727,1457000
2018-09-13,10.949999809265137,11.25,10.800000190734863,11.100000381469727,1328700
2018-09-14,10.75,11.149999618530273,10.699999809265137,10.949999809265137,1166100
2018-09-17,9.5,11.0,9.300000190734863,11.0,2621500
2018-09-18,9.050000190734863,9.489999771118164,8.649999618530273,9.449999809265137,2327000
2018-09-19,8.949999809265137,9.25,8.899999618530273,9.050000190734863,1283200
2018-09-20,9.050000190734863,9.199999809265137,8.600000381469727,9.0,1510600
2018-09-21,9.0,9.149999618530273,8.699999809265137,9.0,2801500
2018-09-24,9.25,9.300000190734863,8.699999809265137,9.100000381469727,1523200
2018-09-25,5.150000095367432,6.699999809265137,5.099999904632568,6.599999904632568,13070000
2018-09-26,5.25,5.349999904632568,4.949999809265137,5.25,6473800
2018-09-27,5.699999809265137,5.75,5.199999809265137,5.349999904632568,3462300
2018-09-28,5.599999904632568,6.150000095367432,5.449999809265137,5.75,3506300
2018-10-01,5.510000228881836,5.78000020980835,5.409999847412109,5.599999904632568,2224000
2018-10-02,5.5,5.590000152587891,5.369999885559082,5.489999771118164,2114200
2018-10-03,5.409999847412109,5.539999961853027,5.289999961853027,5.429999828338623,1975700
2018-10-04,5.329999923706055,5.480000019073486,5.230000019073486,5.420000076293945,1612000
2018-10-05,5.420000076293945,5.474999904632568,5.25,5.369999885559082,1372400
2018-10-08,5.269999980926514,5.4029998779296875,5.110000133514404,5.349999904632568,1685600
2018-10-09,5.610000133514404,5.900000095367432,5.159999847412109,5.260000228881836,1459300
2018-10-10,5.440000057220459,5.690000057220459,5.420000076293945,5.590000152587891,1213600
2018-10-11,5.5,5.559999942779541,5.269999980926514,5.400000095367432,1568000
2018-10-12,5.579999923706055,6.050000190734863,5.420000076293945,5.639999866485596,1809400
2018-10-15,5.5,5.599999904632568,5.380000114440918,5.590000152587891,1071100
2018-10-16,5.760000228881836,5.769999980926514,5.480000019073486,5.519999980926514,1129200
2018-10-17,5.699999809265137,5.849999904632568,5.626999855041504,5.769999980926514,1006700
2018-10-18,5.579999923706055,5.78000020980835,5.5,5.710000038146973,830800
2018-10-19,5.369999885559082,5.679999828338623,5.260000228881836,5.599999904632568,1198500
2018-10-22,5.110000133514404,5.360000133514404,4.909999847412109,5.360000133514404,1669000
2018-10-23,5.230000019073486,5.4039998054504395,4.934999942779541,5.050000190734863,1267300
2018-10-24,4.989999771118164,5.300000190734863,4.909999847412109,5.230000019073486,1747200
2018-10-25,4.96999979019165,5.090000152587891,4.900000095367432,4.989999771118164,1488500
2018-10-26,4.860000133514404,5.010000228881836,4.800000190734863,4.929999828338623,1122100
2018-10-29,4.360000133514404,4.960000038146973,4.199999809265137,4.929999828338623,1457200
2018-10-30,4.510000228881836,4.630000114440918,4.302999973297119,4.349999904632568,1029900
2018-10-31,4.550000190734863,4.739999771118164,4.53000020980835,4.590000152587891,1215600
2018-11-01,4.929999828338623,4.960000038146973,4.559999942779541,4.579999923706055,1584500
2018-11-02,5.070000171661377,5.139999866485596,4.913000106811523,5.0,1195200
2018-11-05,5.090000152587891,5.150000095367432,4.900000095367432,5.099999904632568,1553800
2018-11-06,4.960000038146973,5.050000190734863,4.800000190734863,5.039999961853027,1356000
2018-11-07,5.409999847412109,5.449999809265137,4.900000095367432,4.900000095367432,1209300
2018-11-08,5.230000019073486,5.400000095367432,5.059999942779541,5.400000095367432,1443000
2018-11-09,5.539999961853027,5.650000095367432,5.199999809265137,5.449999809265137,1808200
2018-11-12,5.360000133514404,5.610000133514404,5.210000038146973,5.570000171661377,1321000
2018-11-13,5.28000020980835,5.579999923706055,5.25,5.380000114440918,1164800
2018-11-14,5.170000076293945,5.369999885559082,5.039999961853027,5.28000020980835,1172400
2018-11-15,5.369999885559082,5.46999979019165,5.099999904632568,5.119999885559082,1274700
2018-11-16,5.349999904632568,5.59499979019165,5.230000019073486,5.320000171661377,987400
2018-11-19,5.159999847412109,5.340000152587891,4.909999847412109,5.289999961853027,1421100
2018-11-20,4.880000114440918,5.159999847412109,4.820000171661377,5.059999942779541,968300
2018-11-21,5.010000228881836,5.070000171661377,4.840000152587891,4.929999828338623,1072100
2018-11-23,5.019999980926514,5.329999923706055,4.96999979019165,4.96999979019165,564700
2018-11-26,5.059999942779541,5.239999771118164,4.945000171661377,5.090000152587891,801400
2018-11-27,4.920000076293945,5.065000057220459,4.880000114440918,5.010000228881836,622900
2018-11-28,5.079999923706055,5.090000152587891,4.769999980926514,4.980000019073486,1089800
2018-11-29,5.0,5.179999828338623,4.96999979019165,5.03000020980835,548600
2018-11-30,5.039999961853027,5.090000152587891,4.900000095367432,5.0,803000
2018-12-03,5.230000019073486,5.239999771118164,5.059999942779541,5.139999866485596,1188900
2018-12-04,5.0,5.449999809265137,4.960000038146973,5.25,1291400
2018-12-06,5.039999961853027,5.159999847412109,4.885000228881836,4.989999771118164,1552500
2018-12-07,5.0,5.090000152587891,4.940000057220459,5.019999980926514,954000
2018-12-10,5.119999885559082,5.159999847412109,4.869999885559082,5.0,1065400
2018-12-11,5.039999961853027,5.170000076293945,4.980000019073486,5.170000076293945,494800
2018-12-12,5.099999904632568,5.210000038146973,5.050000190734863,5.090000152587891,870100
2018-12-13,5.0,5.119999885559082,4.913000106811523,5.119999885559082,1425400
2018-12-14,4.75,5.050000190734863,4.684999942779541,4.980000019073486,1031300
2018-12-17,4.449999809265137,4.860000133514404,4.420000076293945,4.769999980926514,1820000
2018-12-18,4.21999979019165,4.550000190734863,4.050000190734863,4.489999771118164,1769700
2018-12-19,3.869999885559082,4.320000171661377,3.7899999618530273,4.099999904632568,1858000
2018-12-20,3.740000009536743,3.930000066757202,3.619999885559082,3.890000104904175,1068900
2018-12-21,3.4700000286102295,3.740000009536743,3.450000047683716,3.740000009536743,2270800
2018-12-24,3.440000057220459,3.5399999618530273,3.319999933242798,3.4200000762939453,911400
2018-12-26,3.7799999713897705,3.7799999713897705,3.4100000858306885,3.450000047683716,1690800
2018-12-27,3.759999990463257,3.880000114440918,3.5799999237060547,3.740000009536743,1293000
2018-12-28,3.9800000190734863,4.111999988555908,3.6700000762939453,3.7100000381469727,1308500
2018-12-31,4.099999904632568,4.170000076293945,3.9600000381469727,4.019999980926514,1101300
2019-01-02,4.309999942779541,4.309999942779541,3.990000009536743,4.039999961853027,1618500
2019-01-03,4.210000038146973,4.46999979019165,4.179999828338623,4.329999923706055,1115600
2019-01-04,4.610000133514404,4.614999771118164,4.239999771118164,4.260000228881836,1071100
2019-01-07,4.840000152587891,5.019999980926514,4.650000095367432,4.659999847412109,2162600
2019-01-08,4.809999942779541,4.980000019073486,4.690000057220459,4.900000095367432,1116800
2019-01-09,4.920000076293945,4.980000019073486,4.800000190734863,4.820000171661377,1019500
2019-01-10,4.920000076293945,5.0,4.75,4.880000114440918,917800
2019-01-11,4.829999923706055,5.03000020980835,4.820000171661377,4.889999866485596,1269400
2019-01-14,4.579999923706055,4.920000076293945,4.570000171661377,4.829999923706055,1568400
2019-01-15,4.619999885559082,4.670000076293945,4.550000190734863,4.590000152587891,746600
2019-01-16,4.619999885559082,4.78000020980835,4.550000190734863,4.639999866485596,645900
2019-01-17,4.420000076293945,4.690000057220459,4.375,4.599999904632568,878900
2019-01-18,4.519999980926514,4.599999904632568,4.394999980926514,4.420000076293945,1320900
2019-01-22,4.360000133514404,5.0,4.295000076293945,4.909999847412109,2324000
2019-01-23,4.110000133514404,4.460000038146973,4.0,4.389999866485596,1928300
2019-01-24,4.190000057220459,4.210000038146973,4.019999980926514,4.119999885559082,1612000
2019-01-25,4.429999828338623,4.449999809265137,4.190000057220459,4.199999809265137,1700500
2019-01-28,4.090000152587891,4.414999961853027,4.079999923706055,4.400000095367432,1196500
2019-01-29,4.170000076293945,4.210000038146973,3.9600000381469727,4.099999904632568,1726500
2019-01-30,4.329999923706055,4.360000133514404,4.139999866485596,4.360000133514404,1654500
2019-01-31,4.099999904632568,4.340000152587891,4.0,4.340000152587891,1675500
2019-02-01,4.019999980926514,4.099999904632568,3.9100000858306885,4.099999904632568,1323200
2019-02-04,4.019999980926514,4.059000015258789,3.9100000858306885,4.03000020980835,1331700
2019-02-05,4.039999961853027,4.159999847412109,3.869999885559082,4.03000020980835,1616600
2019-02-06,4.139999866485596,4.170000076293945,3.9800000190734863,4.079999923706055,1621100
2019-02-07,4.079999923706055,4.190000057220459,4.010000228881836,4.139999866485596,1612400
2019-02-08,4.21999979019165,4.25,4.045000076293945,4.050000190734863,1307800
2019-02-11,4.519999980926514,4.53000020980835,4.179999828338623,4.21999979019165,1772200
2019-02-12,4.53000020980835,4.659999847412109,4.440000057220459,4.559999942779541,1580800
2019-02-13,4.599999904632568,4.710000038146973,4.460000038146973,4.539999961853027,1994600
2019-02-14,4.699999809265137,4.739999771118164,4.570000171661377,4.590000152587891,1427100
2019-02-15,4.760000228881836,4.815000057220459,4.659999847412109,4.710000038146973,1234500
2019-02-19,4.800000190734863,4.889999866485596,4.71999979019165,4.789999961853027,1111400
2019-02-20,4.800000190734863,4.8420000076293945,4.644000053405762,4.809999942779541,870100
2019-02-21,4.650000095367432,4.789999961853027,4.579999923706055,4.769999980926514,1084300
2019-02-22,4.769999980926514,4.769999980926514,4.590000152587891,4.679999828338623,1110300
2019-02-25,4.960000038146973,4.960000038146973,4.789999961853027,4.820000171661377,1461500
2019-02-26,4.960000038146973,5.050000190734863,4.849999904632568,5.0,1041300
2019-02-27,5.190000057220459,5.25,4.829999923706055,4.929999828338623,1682900
2019-02-28,6.800000190734863,6.920000076293945,5.900000095367432,5.900000095367432,12591100
2019-03-01,7.210000038146973,7.239999771118164,6.639999866485596,6.679999828338623,9627500
2019-03-04,6.829999923706055,7.539999961853027,6.519999980926514,7.230000019073486,4800200
2019-03-05,6.510000228881836,6.949999809265137,6.480000019073486,6.760000228881836,3154700
2019-03-06,6.25,6.659999847412109,6.21999979019165,6.519999980926514,2859300
2019-03-07,6.079999923706055,6.420000076293945,6.039999961853027,6.25,2111900
2019-03-08,6.380000114440918,6.590000152587891,6.113999843597412,6.119999885559082,3088600
2019-03-11,6.760000228881836,6.78000020980835,6.25,6.449999809265137,3217900
2019-03-12,6.860000133514404,7.014999866485596,6.670000076293945,6.820000171661377,2666800
2019-03-13,6.800000190734863,6.980000019073486,6.619999885559082,6.860000133514404,2251800
2019-03-14,6.949999809265137,7.079999923706055,6.78000020980835,6.809999942779541,2428900
2019-03-15,6.900000095367432,7.070000171661377,6.659999847412109,6.980000019073486,5208200
2019-03-18,7.409999847412109,7.46999979019165,6.761000156402588,6.880000114440918,2167500
2019-03-19,7.420000076293945,7.570000171661377,7.059999942779541,7.539999961853027,2793000
2019-03-20,7.449999809265137,7.789999961853027,7.360000133514404,7.440000057220459,2347000
2019-03-21,7.389999866485596,7.605000019073486,7.304999828338623,7.400000095367432,2162600
2019-03-22,6.829999923706055,7.449999809265137,6.820000171661377,7.369999885559082,2009300
2019-03-25,7.039999961853027,7.110000133514404,6.809999942779541,6.860000133514404,1512400
2019-03-26,7.340000152587891,7.349999904632568,7.039999961853027,7.099999904632568,1532000
2019-03-27,7.21999979019165,7.380000114440918,7.039999961853027,7.340000152587891,1233100
2019-03-28,7.460000038146973,7.570000171661377,7.150000095367432,7.239999771118164,1553700
2019-03-29,8.039999961853027,8.850000381469727,7.550000190734863,7.550000190734863,6624900
2019-04-01,8.09000015258789,9.300000190734863,8.0600004196167,8.470000267028809,8691100
2019-04-02,8.270000457763672,8.300000190734863,7.849999904632568,8.180000305175781,2566200
2019-04-03,8.319999694824219,8.649999618530273,8.229999542236328,8.319999694824219,2186800
2019-04-04,8.479999542236328,8.524999618530273,8.050000190734863,8.329999923706055,1898700
2019-04-05,8.470000267028809,8.579999923706055,8.329999923706055,8.5,1420200
2019-04-08,8.380000114440918,8.529999732971191,8.140000343322754,8.40999984741211,1463300
2019-04-09,8.0,8.399999618530273,7.920000076293945,8.399999618530273,2384700
2019-04-10,8.40999984741211,8.425000190734863,8.050000190734863,8.09000015258789,1397200
2019-04-11,8.100000381469727,8.479999542236328,8.039999961853027,8.420000076293945,1124600
2019-04-12,8.09000015258789,8.40999984741211,8.020000457763672,8.170000076293945,1452200
2019-04-15,7.909999847412109,8.239999771118164,7.579999923706055,8.149999618530273,1692600
2019-04-16,8.0,8.09000015258789,7.789999961853027,7.900000095367432,1359600
2019-04-17,8.140000343322754,8.5600004196167,7.769999980926514,8.050000190734863,3027400
2019-04-18,7.829999923706055,8.199999809265137,7.5,8.199999809265137,2003100
2019-04-22,7.949999809265137,7.989999771118164,7.699999809265137,7.75,1307800
2019-04-23,8.149999618530273,8.229999542236328,7.769999980926514,7.960000038146973,1750100
2019-04-24,8.029999732971191,8.300000190734863,7.900000095367432,8.130000114440918,1360900
2019-04-25,8.09000015258789,8.1899995803833,7.869999885559082,8.029999732971191,1279100
2019-04-26,8.0,8.149999618530273,7.940000057220459,8.09000015258789,1155800
2019-04-29,7.940000057220459,8.0600004196167,7.920000076293945,8.010000228881836,1292300
2019-04-30,7.949999809265137,7.980000019073486,7.695000171661377,7.980000019073486,1510400
2019-05-01,7.789999961853027,8.069999694824219,7.775000095367432,7.980000019073486,1213800
2019-05-02,7.840000152587891,7.96999979019165,7.639999866485596,7.800000190734863,902700
2019-05-03,8.140000343322754,8.149999618530273,7.840000152587891,7.889999866485596,1332400
2019-05-06,8.449999809265137,8.470000267028809,7.929999828338623,7.949999809265137,1411200
2019-05-07,7.96999979019165,8.510000228881836,7.860000133514404,8.399999618530273,1206200
2019-05-08,8.180000305175781,8.229999542236328,7.900000095367432,7.960000038146973,1762400
2019-05-09,8.109999656677246,8.170000076293945,7.840000152587891,8.109999656677246,1101100
2019-05-10,7.559999942779541,8.039999961853027,7.559999942779541,7.900000095367432,1978100
2019-05-13,6.849999904632568,7.480000019073486,6.760000228881836,7.480000019073486,2251700
2019-05-14,6.820000171661377,6.96999979019165,6.679999828338623,6.949999809265137,2046600
2019-05-15,7.019999980926514,7.050000190734863,6.480000019073486,6.699999809265137,1120700
2019-05-16,7.099999904632568,7.21999979019165,7.019999980926514,7.050000190734863,1446300
2019-05-17,6.920000076293945,7.074999809265137,6.760000228881836,7.010000228881836,1114800
2019-05-20,6.75,6.914999961853027,6.699999809265137,6.820000171661377,1009400
2019-05-21,7.0,7.010000228881836,6.739999771118164,6.789999961853027,1591300
2019-05-22,6.900000095367432,7.059999942779541,6.75,6.980000019073486,1389700
2019-05-23,7.119999885559082,7.199999809265137,6.619999885559082,6.769999980926514,2287800
2019-05-24,7.199999809265137,7.510000228881836,7.0,7.0,2506900
2019-05-28,6.980000019073486,7.349999904632568,6.940000057220459,7.239999771118164,1299700
2019-05-29,6.900000095367432,6.954999923706055,6.732999801635742,6.900000095367432,2202200
2019-05-30,6.46999979019165,6.920000076293945,6.440000057220459,6.920000076293945,1124600
2019-05-31,6.269999980926514,6.539999961853027,6.25,6.320000171661377,1152200
2019-06-03,6.489999771118164,6.53000020980835,6.260000228881836,6.260000228881836,1179600
2019-06-04,6.760000228881836,6.760000228881836,6.389999866485596,6.599999904632568,1107100
2019-06-05,7.090000152587891,7.170000076293945,6.670000076293945,6.829999923706055,2550800
2019-06-06,7.050000190734863,7.119999885559082,6.820000171661377,7.079999923706055,1451800
2019-06-07,7.460000038146973,7.519999980926514,7.010000228881836,7.039999961853027,1861600
2019-06-10,7.170000076293945,7.599999904632568,7.159999847412109,7.519999980926514,780000
2019-06-11,7.139999866485596,7.3420000076293945,6.96999979019165,7.340000152587891,1099700
2019-06-12,6.900000095367432,7.203999996185303,6.860000133514404,7.130000114440918,708800
2019-06-13,7.119999885559082,7.119999885559082,6.889999866485596,6.929999828338623,1053100
2019-06-14,7.260000228881836,7.320000171661377,6.96999979019165,7.079999923706055,1071000
2019-06-17,7.460000038146973,7.659999847412109,7.25,7.349999904632568,1894900
2019-06-18,7.769999980926514,7.869999885559082,7.449999809265137,7.460000038146973,1213500
2019-06-19,7.679999828338623,7.760000228881836,7.5,7.75,1374100
2019-06-20,7.360000133514404,7.820000171661377,7.309999942779541,7.78000020980835,990700
2019-06-21,7.25,7.420000076293945,6.980000019073486,7.369999885559082,3687200
2019-06-24,6.929999828338623,7.460000038146973,6.920000076293945,7.25,1195900
2019-06-25,6.829999923706055,7.079999923706055,6.820000171661377,7.0,788600
2019-06-26,6.980000019073486,7.125,6.809999942779541,6.909999847412109,1317600
2019-06-27,7.980000019073486,8.020000457763672,7.150000095367432,7.150000095367432,2878000
2019-06-28,8.649999618530273,8.779999732971191,7.769999980926514,7.920000076293945,5556500
2019-07-01,8.930000305175781,9.380000114440918,8.369999885559082,8.850000381469727,3230500
2019-07-02,8.760000228881836,9.100000381469727,8.430000305175781,9.0600004196167,1809600
2019-07-03,8.989999771118164,8.989999771118164,8.699999809265137,8.800000190734863,754500
2019-07-05,8.569999694824219,9.050000190734863,8.53499984741211,8.920000076293945,1381900
2019-07-08,8.289999961853027,8.710000038146973,8.289999961853027,8.529999732971191,1808600
2019-07-09,8.229999542236328,8.40999984741211,8.09000015258789,8.270000457763672,2008300
2019-07-10,8.149999618530273,8.260000228881836,7.78000020980835,8.260000228881836,1370500
2019-07-11,7.960000038146973,8.15999984741211,7.869999885559082,8.15999984741211,960500
2019-07-12,8.0,8.170000076293945,7.84499979019165,7.96999979019165,939600
2019-07-15,7.929999828338623,8.015000343322754,7.71999979019165,8.010000228881836,783500
2019-07-16,7.880000114440918,8.010000228881836,7.769999980926514,7.900000095367432,743100
2019-07-17,7.800000190734863,7.949999809265137,7.670000076293945,7.949999809265137,850600
2019-07-18,7.96999979019165,7.989999771118164,7.669000148773193,7.800000190734863,979400
2019-07-19,7.739999771118164,7.980000019073486,7.739999771118164,7.96999979019165,972400
2019-07-22,7.579999923706055,7.800000190734863,7.389999866485596,7.800000190734863,951800
2019-07-23,7.559999942779541,7.760000228881836,7.480000019073486,7.619999885559082,832800
2019-07-24,7.650000095367432,7.664999961853027,7.420000076293945,7.519999980926514,687300
2019-07-25,7.050000190734863,7.639999866485596,7.019999980926514,7.639999866485596,1594900
2019-07-26,7.329999923706055,7.349999904632568,7.070000171661377,7.079999923706055,815300
2019-07-29,7.400000095367432,7.440000057220459,7.119999885559082,7.329999923706055,683400
2019-07-30,7.630000114440918,7.639999866485596,7.25,7.329999923706055,786500
2019-07-31,7.489999771118164,7.980000019073486,7.46999979019165,7.630000114440918,1056800
2019-08-01,7.329999923706055,7.650000095367432,7.25,7.53000020980835,967300
2019-08-02,7.079999923706055,7.400000095367432,7.019999980926514,7.260000228881836,989400
2019-08-05,6.510000228881836,6.9679999351501465,6.440000057220459,6.949999809265137,1952600
2019-08-06,6.659999847412109,6.739999771118164,6.239999771118164,6.610000133514404,1210200
2019-08-07,6.650000095367432,6.724999904632568,6.329999923706055,6.650000095367432,860300
2019-08-08,6.900000095367432,6.909999847412109,6.670000076293945,6.679999828338623,1051900
2019-08-09,7.190000057220459,7.244999885559082,6.75,6.800000190734863,1175700
2019-08-12,7.130000114440918,7.5,7.03000020980835,7.090000152587891,1266400
2019-08-13,7.190000057220459,7.409999847412109,7.059999942779541,7.070000171661377,643500
2019-08-14,6.909999847412109,7.199999809265137,6.869999885559082,7.099999904632568,1056200
2019-08-15,6.550000190734863,6.909999847412109,6.550000190734863,6.909999847412109,961400
2019-08-16,6.840000152587891,6.909999847412109,6.559999942779541,6.599999904632568,919100
2019-08-19,6.840000152587891,6.960000038146973,6.78000020980835,6.940000057220459,952300
2019-08-20,6.679999828338623,6.820000171661377,6.619999885559082,6.820000171661377,711400
2019-08-21,6.760000228881836,6.869999885559082,6.639999866485596,6.760000228881836,925000
2019-08-22,6.289999961853027,6.789999961853027,6.28000020980835,6.730000019073486,1930600
2019-08-23,6.010000228881836,6.349999904632568,5.920000076293945,6.25,1286300
2019-08-26,6.179999828338623,6.190000057220459,5.889999866485596,6.079999923706055,904500
2019-08-27,5.920000076293945,6.369999885559082,5.860000133514404,6.190000057220459,884800
2019-08-28,6.070000171661377,6.139999866485596,5.820000171661377,5.900000095367432,674900
2019-08-29,6.400000095367432,6.429999828338623,6.050000190734863,6.090000152587891,859100
2019-08-30,6.210000038146973,6.498000144958496,6.03000020980835,6.440000057220459,823300
2019-09-03,6.150000095367432,6.28000020980835,5.909999847412109,6.130000114440918,1729800
2019-09-04,6.170000076293945,6.300000190734863,5.980000019073486,6.230000019073486,1196900
2019-09-05,6.559999942779541,6.644999980926514,6.177999973297119,6.230000019073486,1225400
2019-09-06,6.320000171661377,6.630000114440918,6.28000020980835,6.559999942779541,935100
2019-09-09,6.429999828338623,6.519999980926514,6.218999862670898,6.380000114440918,761700
2019-09-10,6.96999979019165,6.989999771118164,6.320000171661377,6.480000019073486,1216800
2019-09-11,7.019999980926514,7.130000114440918,6.900000095367432,6.920000076293945,904000
2019-09-12,6.789999961853027,7.210000038146973,6.690000057220459,7.210000038146973,1030000
2019-09-13,6.46999979019165,6.840000152587891,6.46999979019165,6.800000190734863,1059400
2019-09-16,6.579999923706055,6.610000133514404,6.309999942779541,6.460000038146973,885300
2019-09-17,6.46999979019165,6.664999961853027,6.429999828338623,6.559999942779541,596000
2019-09-18,6.420000076293945,6.539999961853027,6.329999923706055,6.440000057220459,1187900
2019-09-19,6.400000095367432,6.570000171661377,6.329999923706055,6.429999828338623,751300
2019-09-20,6.039999961853027,6.480000019073486,6.019999980926514,6.400000095367432,4248600
2019-09-23,6.019999980926514,6.110000133514404,5.809999942779541,6.0,831100
2019-09-24,5.809999942779541,6.150000095367432,5.7220001220703125,6.059999942779541,1389800
2019-09-25,5.730000019073486,6.010000228881836,5.679999828338623,5.849999904632568,1032500
2019-09-26,5.380000114440918,5.809999942779541,5.364999771118164,5.730000019073486,1337100
2019-09-27,5.650000095367432,5.989999771118164,5.349999904632568,5.409999847412109,1275000
2019-09-30,5.614999771118164,5.760000228881836,5.53000020980835,5.679999828338623,1027400
2019-10-01,5.210000038146973,5.809999942779541,5.160999774932861,5.639999866485596,1466000
2019-10-02,5.15500020980835,5.320000171661377,4.949999809265137,5.179999828338623,1678600
2019-10-03,5.349999904632568,5.449999809265137,5.070000171661377,5.170000076293945,1181000
2019-10-04,5.289999961853027,5.409999847412109,5.119999885559082,5.349999904632568,724200
2019-10-07,5.210000038146973,5.360000133514404,5.170000076293945,5.300000190734863,637100
2019-10-08,5.099999904632568,5.210000038146973,4.949999809265137,5.119999885559082,764900
2019-10-09,5.139999866485596,5.21999979019165,5.090000152587891,5.139999866485596,598500
2019-10-10,5.179999828338623,5.269999980926514,5.010000228881836,5.139999866485596,900800
2019-10-11,5.199999809265137,5.329999923706055,5.190000057220459,5.260000228881836,740000
2019-10-14,5.210000038146973,5.340000152587891,5.099999904632568,5.210000038146973,611200
2019-10-15,5.349999904632568,5.53000020980835,5.150000095367432,5.210000038146973,885100
2019-10-16,5.360000133514404,5.389999866485596,5.239999771118164,5.349999904632568,938100
2019-10-17,5.590000152587891,5.619999885559082,5.324999809265137,5.389999866485596,898400
2019-10-18,5.460000038146973,5.590000152587891,5.260000228881836,5.519999980926514,1457500
2019-10-21,5.519999980926514,5.599999904632568,5.40500020980835,5.550000190734863,860400
2019-10-22,5.559999942779541,5.639999866485596,5.380000114440918,5.53000020980835,662600
2019-10-23,5.639999866485596,5.679999828338623,5.489999771118164,5.53000020980835,970000
2019-10-24,5.730000019073486,5.96999979019165,5.625,5.809999942779541,1403600
2019-10-25,5.78000020980835,5.880000114440918,5.690000057220459,5.699999809265137,830800
2019-10-28,6.800000190734863,6.920000076293945,5.900000095367432,5.900000095367432,2542800
2019-10-29,6.96999979019165,7.109000205993652,6.710000038146973,6.800000190734863,2019900
2019-10-30,6.829999923706055,7.239999771118164,6.769999980926514,6.940000057220459,1260200
2019-10-31,6.829999923706055,6.889999866485596,6.539999961853027,6.849999904632568,1397200
2019-11-01,7.079999923706055,7.179999828338623,6.820000171661377,6.889999866485596,1207000
2019-11-04,7.400000095367432,7.5,7.050000190734863,7.079999923706055,1273900
2019-11-05,7.425000190734863,7.53000020980835,7.21999979019165,7.360000133514404,1391000
2019-11-06,7.635000228881836,7.739999771118164,7.190000057220459,7.28000020980835,1604600
2019-11-07,7.809999942779541,7.920000076293945,7.559999942779541,7.670000076293945,1343700
2019-11-08,8.170000076293945,8.319999694824219,7.639999866485596,7.809999942779541,1869600
2019-11-11,7.789999961853027,8.199999809265137,7.78000020980835,8.119999885559082,2586700
2019-11-12,7.570000171661377,7.909999847412109,7.309999942779541,7.550000190734863,1387500
2019-11-13,7.900000095367432,8.100000381469727,7.53000020980835,7.539999961853027,1150200
2019-11-14,7.974999904632568,8.050000190734863,7.7870001792907715,7.900000095367432,1215600
2019-11-15,8.0,8.300000190734863,7.909999847412109,8.069999694824219,1160000
2019-11-18,7.934999942779541,8.0600004196167,7.78000020980835,8.039999961853027,1533600
2019-11-19,7.929999828338623,8.319999694824219,7.855000019073486,7.960000038146973,2109600
2019-11-20,7.800000190734863,8.0600004196167,7.639999866485596,7.920000076293945,1428800
2019-11-21,7.835000038146973,7.889999866485596,7.619999885559082,7.829999923706055,892000
2019-11-22,7.650000095367432,7.960000038146973,7.630000114440918,7.900000095367432,1175500
2019-11-25,7.5,7.829999923706055,7.465000152587891,7.659999847412109,1546700
2019-11-26,7.570000171661377,7.639999866485596,7.329999923706055,7.480000019073486,1980200
2019-11-27,7.809999942779541,8.100000381469727,7.590000152587891,7.699999809265137,5166600
2019-11-29,8.1899995803833,8.529999732971191,7.769999980926514,7.769999980926514,1985800
2019-12-02,7.840000152587891,8.479999542236328,7.829999923706055,8.210000038146973,2040900
2019-12-03,7.809999942779541,7.909999847412109,7.650000095367432,7.760000228881836,1428500
2019-12-04,8.199999809265137,8.199999809265137,7.769999980926514,7.869999885559082,1019200
2019-12-05,7.679999828338623,8.380000114440918,7.630000114440918,8.289999961853027,1758200
2019-12-06,7.119999885559082,8.0,7.039999961853027,7.78000020980835,4931300
2019-12-09,9.279999732971191,9.729999542236328,7.960000038146973,8.050000190734863,9563300
2019-12-10,9.420000076293945,9.779999732971191,9.069999694824219,9.180000305175781,4970100
2019-12-11,8.9399995803833,9.40999984741211,8.84000015258789,9.40999984741211,1914400
2019-12-12,9.395000457763672,9.550000190734863,8.760000228881836,8.760000228881836,2335600
2019-12-13,10.100000381469727,10.78499984741211,9.5,9.5,4931800
2019-12-16,10.109999656677246,10.520000457763672,9.890000343322754,10.300000190734863,2365200
2019-12-17,10.170000076293945,10.5600004196167,10.109999656677246,10.210000038146973,1531200
2019-12-18,9.9399995803833,10.25,9.8100004196167,10.170000076293945,1457400
2019-12-19,9.850000381469727,9.979999542236328,9.649999618530273,9.979999542236328,1081300
2019-12-20,10.109999656677246,10.145000457763672,9.744999885559082,9.850000381469727,2608400
2019-12-23,11.010000228881836,11.1899995803833,9.8100004196167,10.130000114440918,3471400
2019-12-24,11.199999809265137,11.220000267028809,10.319999694824219,11.0,1349400
2019-12-26,11.130000114440918,11.229999542236328,10.869999885559082,11.149999618530273,1279400
2019-12-27,10.880000114440918,11.420000076293945,10.623000144958496,11.279999732971191,1570700
2019-12-30,10.850000381469727,10.989999771118164,10.34000015258789,10.869999885559082,1266400
2019-12-31,11.100000381469727,11.279999732971191,10.710000038146973,10.819999694824219,1002300
2020-01-02,10.930000305175781,11.140000343322754,10.550000190734863,11.109999656677246,1943400
2020-01-03,10.829999923706055,10.895999908447266,10.479999542236328,10.819999694824219,1888900
2020-01-06,11.039999961853027,11.100000381469727,10.529999732971191,10.770000457763672,1083100
2020-01-07,11.640000343322754,11.699999809265137,10.961000442504883,11.039999961853027,2068900
2020-01-08,12.180000305175781,12.229999542236328,11.140000343322754,11.569999694824219,2969800
2020-01-09,13.029999732971191,13.045000076293945,12.199999809265137,12.270000457763672,2934600
2020-01-10,13.180000305175781,13.8100004196167,12.899999618530273,13.0,4039400
2020-01-13,13.100000381469727,13.600000381469727,12.720000267028809,13.5,2650300
2020-01-14,13.699999809265137,13.84000015258789,13.069999694824219,13.109999656677246,2782200
2020-01-15,14.100000381469727,14.1899995803833,13.5600004196167,13.630000114440918,2565400
2020-01-16,14.029999732971191,14.600000381469727,13.213000297546387,14.5,4139300
2020-01-17,13.699999809265137,14.890000343322754,13.609999656677246,14.529999732971191,2988300
2020-01-21,14.0,14.399999618530273,13.5,13.699999809265137,2254700
2020-01-22,13.484999656677246,14.229999542236328,13.399999618530273,14.050000190734863,2268700
2020-01-23,13.550000190734863,13.670000076293945,12.949999809265137,13.34000015258789,2403900
2020-01-24,13.5,13.800000190734863,13.460000038146973,13.550000190734863,2025400
2020-01-27,13.15999984741211,13.510000228881836,12.720000267028809,13.050000190734863,1484000
2020-01-28,14.140000343322754,14.270000457763672,13.25,13.329999923706055,1981000
2020-01-29,14.520000457763672,14.609999656677246,14.229999542236328,14.25,1604600
2020-01-30,14.25,14.600000381469727,13.75,14.40999984741211,2142800
2020-01-31,14.210000038146973,14.34000015258789,13.850000381469727,14.199999809265137,1191100
2020-02-03,14.8100004196167,14.819999694824219,14.140000343322754,14.359999656677246,1721900
2020-02-04,15.175000190734863,15.489999771118164,14.869999885559082,15.0,1658700
2020-02-05,15.470000267028809,15.479999542236328,15.079999923706055,15.109999656677246,1538900
2020-02-06,15.829999923706055,15.869999885559082,15.270000457763672,15.5,1394500
2020-02-07,15.239999771118164,15.930000305175781,15.050000190734863,15.880000114440918,1896000
2020-02-10,15.800000190734863,15.96500015258789,15.140000343322754,15.229999542236328,1177900
2020-02-11,15.710000038146973,16.049999237060547,15.510000228881836,15.890000343322754,934300
2020-02-12,15.520000457763672,15.850000381469727,15.300000190734863,15.770000457763672,1109700
2020-02-13,15.1899995803833,15.6899995803833,15.170000076293945,15.510000228881836,1269600
2020-02-14,15.779999732971191,16.200000762939453,15.255000114440918,15.979999542236328,1895900
2020-02-18,15.859999656677246,16.219999313354492,15.819999694824219,16.110000610351562,1867900
2020-02-19,15.989999771118164,16.200000762939453,15.670000076293945,15.970000267028809,1565000
2020-02-20,15.819999694824219,16.1200008392334,15.460000038146973,15.979999542236328,1400600
2020-02-21,15.619999885559082,15.770000457763672,15.270000457763672,15.770000457763672,1821500
2020-02-24,15.25,15.539999961853027,14.029999732971191,15.0,2000300
2020-02-25,14.164999961853027,15.470000267028809,14.029999732971191,15.390000343322754,2352700
2020-02-26,13.869999885559082,14.5,13.40999984741211,13.920000076293945,1892400
2020-02-27,12.399999618530273,13.369999885559082,12.359999656677246,13.229999542236328,2714400
2020-02-28,12.550000190734863,12.800000190734863,11.289999961853027,12.0,2451700
2020-03-02,14.0,14.050000190734863,12.274999618530273,12.850000381469727,2560500
2020-03-03,13.520000457763672,14.4399995803833,13.09000015258789,13.75,2527300
2020-03-04,13.420000076293945,14.079999923706055,12.8100004196167,13.899999618530273,2361500
2020-03-05,13.050000190734863,13.619999885559082,12.902000427246094,12.920000076293945,1797200
2020-03-06,12.100000381469727,12.819999694824219,11.71500015258789,12.489999771118164,1896900
2020-03-09,10.270000457763672,11.890000343322754,10.199999809265137,10.4399995803833,2326000
2020-03-10,11.130000114440918,11.229999542236328,9.859999656677246,11.199999809265137,2153900
2020-03-11,10.010000228881836,10.899999618530273,9.390999794006348,10.699999809265137,2928500
2020-03-12,8.180000305175781,9.4399995803833,8.140000343322754,8.699999809265137,3540400
2020-03-13,8.90999984741211,8.949999809265137,7.349999904632568,8.8100004196167,3658900
2020-03-16,7.179999828338623,7.960000038146973,7.0,7.579999923706055,2822700
2020-03-17,7.659999847412109,8.350000381469727,7.119999885559082,7.329999923706055,2395500
2020-03-18,7.139999866485596,7.449999809265137,6.340000152587891,7.119999885559082,2090000
2020-03-19,7.539999961853027,7.960000038146973,6.769999980926514,7.050000190734863,2137400
2020-03-20,7.639999866485596,8.279999732971191,7.119999885559082,7.630000114440918,2598300
2020-03-23,8.100000381469727,8.319999694824219,7.28000020980835,7.690000057220459,1950900
2020-03-24,10.220000267028809,10.300000190734863,8.319999694824219,8.59000015258789,2974700
2020-03-25,9.949999809265137,10.579999923706055,9.8100004196167,10.220000267028809,2313400
2020-03-26,10.739999771118164,11.6899995803833,9.90999984741211,9.90999984741211,2087600
2020-03-27,9.829999923706055,10.630000114440918,9.819999694824219,10.25,1905400
2020-03-30,10.319999694824219,10.350000381469727,9.824000358581543,9.859999656677246,1601300
2020-03-31,9.84000015258789,10.329999923706055,9.494999885559082,10.239999771118164,1534500
2020-04-01,8.899999618530273,9.600000381469727,8.800000190734863,9.460000038146973,1639000
2020-04-02,9.430000305175781,9.539999961853027,8.75,8.899999618530273,1084800
2020-04-03,8.949999809265137,9.54800033569336,8.819999694824219,9.359999656677246,829900
2020-04-06,9.5600004196167,9.829999923706055,9.279999732971191,9.489999771118164,1260000
2020-04-07,9.770000457763672,10.199999809265137,9.6899995803833,10.0,1536000
2020-04-08,10.100000381469727,10.289999961853027,9.789999961853027,9.949999809265137,960700
2020-04-09,10.479999542236328,10.5600004196167,10.0,10.350000381469727,1562100
2020-04-13,9.9399995803833,10.479999542236328,9.579999923706055,10.479999542236328,1562600
2020-04-14,10.420000076293945,10.5,9.970000267028809,10.239999771118164,1280000
2020-04-15,10.319999694824219,10.539999961853027,9.880000114440918,10.0600004196167,910000
2020-04-16,10.460000038146973,10.470000267028809,9.944999694824219,10.430000305175781,996900
2020-04-17,11.720000267028809,11.760000228881836,10.649999618530273,10.850000381469727,1658400
2020-04-20,12.850000381469727,13.510000228881836,11.444000244140625,11.444000244140625,3556800
2020-04-21,12.229999542236328,13.079999923706055,12.0,12.529999732971191,1780400
2020-04-22,12.609999656677246,12.949999809265137,12.210000038146973,12.5600004196167,1482000
2020-04-23,12.510000228881836,13.350000381469727,12.479999542236328,12.630000114440918,1396700
2020-04-24,13.6899995803833,13.800000190734863,12.5600004196167,12.569999694824219,2707900
2020-04-27,12.6899995803833,13.86299991607666,12.65999984741211,13.84000015258789,1880000
2020-04-28,11.989999771118164,13.079999923706055,11.9399995803833,13.029999732971191,1661700
2020-04-29,11.920000076293945,12.34000015258789,11.680000305175781,12.319999694824219,1433500
2020-04-30,11.760000228881836,12.569999694824219,11.53499984741211,11.75,1969000
2020-05-01,11.260000228881836,11.800000190734863,10.829999923706055,11.569999694824219,1535100
2020-05-04,12.460000038146973,12.470000267028809,11.020000457763672,11.0600004196167,1269300
2020-05-05,16.690000534057617,16.979999542236328,14.600000381469727,16.010000228881836,14879400
2020-05-06,19.18000030517578,19.700000762939453,17.049999237060547,17.56999969482422,7426100
2020-05-07,18.639999389648438,19.204999923706055,17.6200008392334,18.937000274658203,3197800
2020-05-08,18.81999969482422,19.239999771118164,18.149999618530273,18.579999923706055,2307000
2020-05-11,20.219999313354492,20.68000030517578,18.219999313354492,18.5,2489200
2020-05-12,19.934999465942383,21.59000015258789,19.670000076293945,20.110000610351562,3471000
2020-05-13,20.6299991607666,21.209999084472656,19.229999542236328,20.149999618530273,2432800
2020-05-14,19.93000030517578,20.520000457763672,19.461999893188477,20.299999237060547,1461200
2020-05-15,19.299999237060547,19.969999313354492,18.600000381469727,18.790000915527344,7065900
2020-05-18,19.8799991607666,20.799999237060547,19.698999404907227,20.200000762939453,3629800
2020-05-19,18.799999237060547,20.079999923706055,18.790000915527344,19.899999618530273,1740600
2020-05-20,20.829999923706055,20.889999389648438,19.020000457763672,19.43000030517578,2310900
2020-05-21,20.989999771118164,21.149999618530273,20.21500015258789,21.0,1450100
2020-05-22,21.84000015258789,21.889999389648438,20.559999465942383,20.940000534057617,1420900
2020-05-26,20.40999984741211,22.280000686645508,20.100000381469727,22.170000076293945,2228300
2020-05-27,20.530000686645508,20.6200008392334,19.719999313354492,20.420000076293945,2127100
2020-05-28,19.739999771118164,20.989999771118164,19.639999389648438,20.389999389648438,1471600
2020-05-29,18.649999618530273,19.989999771118164,18.25,19.81999969482422,2930500
2020-06-01,18.389999389648438,19.139999389648438,18.170000076293945,18.889999389648438,1944500
2020-06-02,18.729999542236328,18.850000381469727,17.799999237060547,18.538000106811523,1973000
2020-06-03,17.8799991607666,18.68000030517578,17.15999984741211,18.600000381469727,2542500
2020-06-04,17.59000015258789,18.209999084472656,17.299999237060547,17.649999618530273,1422600
2020-06-05,18.280000686645508,19.530000686645508,18.06999969482422,18.792999267578125,2943600
2020-06-08,17.920000076293945,18.68000030517578,17.799999237060547,18.350000381469727,1880800
2020-06-09,18.229999542236328,18.770000457763672,17.860000610351562,17.860000610351562,1413000
2020-06-10,17.690000534057617,18.65999984741211,17.56999969482422,18.420000076293945,1515700
2020-06-11,16.799999237060547,17.670000076293945,16.75,17.209999084472656,2142500
2020-06-12,17.190000534057617,17.56999969482422,16.559999465942383,17.229999542236328,1846200
2020-06-15,18.190000534057617,18.200000762939453,16.8700008392334,17.0,1919800
2020-06-16,18.190000534057617,18.84000015258789,17.743999481201172,18.690000534057617,1438500
2020-06-17,18.09000015258789,18.59000015258789,17.969999313354492,18.299999237060547,907700
2020-06-18,18.81999969482422,19.31999969482422,17.90999984741211,18.0,1049900
2020-06-19,18.6200008392334,19.3700008392334,18.579999923706055,19.049999237060547,3301500
2020-06-22,19.84000015258789,20.34000015258789,18.190000534057617,18.780000686645508,1988800
2020-06-23,19.3799991607666,20.229999542236328,19.30500030517578,20.0,1347800
2020-06-24,18.219999313354492,19.579999923706055,17.729999542236328,19.09000015258789,1910100
2020-06-25,19.020000457763672,19.270000457763672,17.809999465942383,18.1200008392334,1829000
2020-06-26,18.469999313354492,19.540000915527344,18.3700008392334,19.06999969482422,2839500
2020-06-29,18.579999923706055,19.040000915527344,18.030000686645508,18.469999313354492,1251000
2020-06-30,19.479999542236328,19.540000915527344,18.200000762939453,18.420000076293945,1371000
2020-07-01,20.309999465942383,20.399999618530273,19.079999923706055,19.270000457763672,1577600
2020-07-02,20.09000015258789,20.760000228881836,19.75,20.43000030517578,1645500
2020-07-06,20.450000762939453,20.899999618530273,20.15999984741211,20.81999969482422,1243100
2020-07-07,22.6200008392334,22.7810001373291,20.040000915527344,20.200000762939453,3198800
2020-07-08,23.860000610351562,24.530000686645508,22.510000228881836,22.75,3631000
2020-07-09,24.149999618530273,24.760000228881836,23.584999084472656,23.90999984741211,1986800
2020-07-10,23.760000228881836,24.5,23.639999389648438,24.149999618530273,1815500
2020-07-13,21.780000686645508,23.940000534057617,21.253000259399414,23.81999969482422,2369200
2020-07-14,22.670000076293945,22.860000610351562,20.770000457763672,21.209999084472656,1576900
2020-07-15,22.670000076293945,23.200000762939453,22.079999923706055,23.100000381469727,893200
2020-07-16,22.209999084472656,22.540000915527344,21.81999969482422,22.399999618530273,967000
2020-07-17,23.0,23.29800033569336,22.100000381469727,22.260000228881836,1931600
2020-07-20,22.829999923706055,23.459999084472656,22.635000228881836,23.170000076293945,1163200
2020-07-21,22.25,23.06999969482422,22.1299991607666,23.0,1098400
2020-07-22,22.299999237060547,22.858999252319336,22.010000228881836,22.25,760700
2020-07-23,21.59000015258789,22.690000534057617,21.219999313354492,22.420000076293945,1117100
2020-07-24,21.06999969482422,21.40999984741211,20.70800018310547,21.350000381469727,972100
2020-07-27,21.09000015258789,21.6200008392334,20.899999618530273,21.079999923706055,1267900
2020-07-28,20.729999542236328,21.1200008392334,20.190000534057617,20.969999313354492,1538000
2020-07-29,19.290000915527344,20.950000762939453,18.84000015258789,20.75,2510600
2020-07-30,20.0,20.610000610351562,19.15999984741211,19.15999984741211,1370500
2020-07-31,19.579999923706055,20.170000076293945,18.649999618530273,20.049999237060547,1730200
2020-08-03,20.809999465942383,20.959999084472656,19.514999389648438,19.700000762939453,1551900
2020-08-04,20.389999389648438,20.639999389648438,19.809999465942383,20.600000381469727,974800
2020-08-05,20.770000457763672,20.979999542236328,20.40999984741211,20.670000076293945,1029400
2020-08-06,20.799999237060547,21.200000762939453,20.239999771118164,20.8700008392334,1069600
2020-08-07,21.0,21.540000915527344,20.6200008392334,20.670000076293945,1117400
2020-08-10,18.68000030517578,20.7549991607666,18.450000762939453,20.610000610351562,3319400
2020-08-11,18.485000610351562,19.290000915527344,17.81999969482422,18.920000076293945,1702300
2020-08-12,19.049999237060547,19.079999923706055,17.670000076293945,18.5,2050000
2020-08-13,20.3799991607666,20.389999389648438,18.899999618530273,19.049999237060547,1687300
2020-08-14,21.549999237060547,21.59000015258789,20.201000213623047,20.420000076293945,1456000
2020-08-17,22.770000457763672,22.829999923706055,21.639999389648438,21.799999237060547,1740300
2020-08-18,22.670000076293945,23.049999237060547,22.06999969482422,22.950000762939453,1267700
2020-08-19,23.549999237060547,23.969999313354492,22.485000610351562,22.56999969482422,1357000
2020-08-20,23.81999969482422,23.885000228881836,22.861000061035156,23.549999237060547,1146600
2020-08-21,23.56999969482422,24.299999237060547,23.139999389648438,23.610000610351562,1176300
2020-08-24,23.1200008392334,23.899999618530273,23.010000228881836,23.75,1955300
2020-08-25,23.799999237060547,23.899999618530273,22.770000457763672,23.15999984741211,943400
2020-08-26,23.844999313354492,24.049999237060547,23.639999389648438,23.81999969482422,835900
2020-08-27,24.280000686645508,24.389999389648438,23.6299991607666,24.0,1226600
2020-08-28,24.5,24.940000534057617,24.209999084472656,24.34000015258789,1209400
2020-08-31,24.80500030517578,25.020000457763672,24.030000686645508,24.729999542236328,1637100
2020-09-01,25.860000610351562,26.100000381469727,25.100000381469727,25.100000381469727,1965000
2020-09-02,27.239999771118164,27.6200008392334,24.81999969482422,26.020000457763672,2093000
2020-09-03,25.489999771118164,27.600000381469727,25.149999618530273,26.850000381469727,1451200
2020-09-04,23.809999465942383,25.739999771118164,22.049999237060547,25.420000076293945,2492800
2020-09-08,23.959999084472656,24.84000015258789,22.81999969482422,23.1299991607666,1578800
2020-09-09,25.690000534057617,27.5,24.200000762939453,24.25,3035400
2020-09-10,24.969999313354492,26.010000228881836,24.809999465942383,25.729999542236328,1794100
2020-09-11,24.90999984741211,25.600000381469727,24.459999084472656,25.260000228881836,1456500
2020-09-14,25.860000610351562,26.299999237060547,25.399999618530273,26.211000442504883,2925000
2020-09-15,25.229999542236328,26.399999618530273,24.850000381469727,26.329999923706055,1847800
2020-09-16,24.84000015258789,25.540000915527344,24.40999984741211,25.440000534057617,2215800
2020-09-17,25.040000915527344,25.350000381469727,24.280000686645508,24.420000076293945,1761500
2020-09-18,26.149999618530273,26.56999969482422,24.600000381469727,25.489999771118164,7300400
2020-09-21,25.479999542236328,26.104999542236328,25.049999237060547,25.780000686645508,3369000
2020-09-22,25.639999389648438,25.709999084472656,24.719999313354492,25.3700008392334,2350900
2020-09-23,24.719999313354492,26.049999237060547,24.639999389648438,25.530000686645508,1433800
2020-09-24,23.739999771118164,24.600000381469727,22.8700008392334,24.399999618530273,2202500
2020-09-25,24.719999313354492,24.739999771118164,23.190000534057617,23.489999771118164,1357500
2020-09-28,25.530000686645508,25.78499984741211,24.260000228881836,24.75,1396300
2020-09-29,26.170000076293945,26.3700008392334,25.219999313354492,25.700000762939453,1635800
2020-09-30,26.760000228881836,27.277000427246094,26.15999984741211,26.15999984741211,2370700
2020-10-01,27.09000015258789,27.25,26.459999084472656,26.989999771118164,1752500
2020-10-02,26.1200008392334,27.0049991607666,26.01300048828125,26.350000381469727,1086600
2020-10-05,27.559999465942383,27.6299991607666,26.139999389648438,26.350000381469727,1686300
2020-10-06,28.690000534057617,29.530000686645508,27.920000076293945,27.920000076293945,2189600
2020-10-07,30.579999923706055,30.959999084472656,29.145999908447266,29.389999389648438,1943600
2020-10-08,30.3799991607666,31.100000381469727,30.18000030517578,31.0,1581400
2020-10-09,31.0,31.66699981689453,30.75,31.059999465942383,1772400
2020-10-12,30.469999313354492,31.850000381469727,30.420000076293945,31.68000030517578,1309700
2020-10-13,31.100000381469727,31.969999313354492,30.469999313354492,30.469999313354492,1508000
2020-10-14,29.25,31.354999542236328,29.239999771118164,31.079999923706055,1450900
2020-10-15,30.049999237060547,30.56999969482422,28.540000915527344,28.950000762939453,1322200
2020-10-16,30.190000534057617,30.809999465942383,29.709999084472656,30.09000015258789,989000
2020-10-19,29.479999542236328,30.579999923706055,29.110000610351562,30.329999923706055,1044000
2020-10-20,28.65999984741211,30.65999984741211,28.299999237060547,29.350000381469727,1742600
2020-10-21,27.229999542236328,29.350000381469727,27.09000015258789,29.200000762939453,1381800
2020-10-22,27.43000030517578,28.25,27.079999923706055,27.270000457763672,1180800
2020-10-23,27.0,27.594999313354492,26.43000030517578,27.309999465942383,1293800
2020-10-26,26.06999969482422,27.0,25.3700008392334,26.5,1978700
2020-10-27,26.15999984741211,26.459999084472656,25.704999923706055,26.260000228881836,1517200
2020-10-28,25.90999984741211,26.840999603271484,25.642000198364258,26.170000076293945,1086900
2020-10-29,26.389999389648438,26.829999923706055,25.530000686645508,26.1299991607666,920500
2020-10-30,25.270000457763672,26.489999771118164,24.93000030517578,26.190000534057617,1156500
2020-11-02,26.059999465942383,26.110000610351562,25.030000686645508,25.309999465942383,1244300
2020-11-03,26.899999618530273,27.09000015258789,25.399999618530273,26.06999969482422,1161400
2020-11-04,28.5,29.155000686645508,27.25,27.25,1997800
2020-11-05,29.059999465942383,29.329999923706055,27.809999465942383,29.0,1272800
2020-11-06,28.209999084472656,29.43000030517578,27.6299991607666,29.15999984741211,1027400
2020-11-09,28.8799991607666,29.799999237060547,27.799999237060547,28.809999465942383,1218000
2020-11-10,28.149999618530273,28.739999771118164,25.75,27.75,1431500
2020-11-11,27.15999984741211,28.594999313354492,26.940000534057617,28.450000762939453,1279200
2020-11-12,27.540000915527344,28.100000381469727,27.200000762939453,27.290000915527344,1162900
2020-11-13,29.459999084472656,30.15999984741211,27.739999771118164,27.739999771118164,1362000
2020-11-16,29.520000457763672,30.170000076293945,28.708999633789062,29.540000915527344,979700
2020-11-17,29.610000610351562,29.639999389648438,28.75,29.350000381469727,975500
2020-11-18,29.979999542236328,31.549999237060547,29.399999618530273,29.84000015258789,2279700
2020-11-19,29.760000228881836,30.799999237060547,29.40999984741211,29.790000915527344,930600
2020-11-20,29.850000381469727,30.040000915527344,28.280000686645508,29.459999084472656,1258000
2020-11-23,30.09000015258789,31.040000915527344,29.579999923706055,30.0,1014800
2020-11-24,29.610000610351562,30.523000717163086,29.360000610351562,29.920000076293945,897900
2020-11-25,29.489999771118164,30.540000915527344,29.284000396728516,29.860000610351562,780300
2020-11-27,30.290000915527344,31.649999618530273,29.700000762939453,29.8799991607666,1365800
2020-11-30,29.34000015258789,31.128999710083008,28.010000228881836,30.479999542236328,2066600
2020-12-01,28.110000610351562,30.450000762939453,28.049999237060547,29.520000457763672,1308500
2020-12-02,27.1299991607666,28.5,26.06999969482422,28.420000076293945,1826800
2020-12-03,27.780000686645508,27.899999618530273,26.839000701904297,27.139999389648438,1001200
2020-12-04,28.6299991607666,28.690000534057617,27.100000381469727,27.559999465942383,1175700
2020-12-07,27.93000030517578,29.209999084472656,27.670000076293945,28.40999984741211,1287400
2020-12-08,30.329999923706055,30.81999969482422,27.270000457763672,27.325000762939453,1993400
2020-12-09,29.6200008392334,31.65999984741211,29.395000457763672,30.6200008392334,1667900
2020-12-10,41.720001220703125,42.84000015258789,32.880001068115234,33.099998474121094,18070000
2020-12-11,42.27000045776367,44.47999954223633,40.470001220703125,41.70800018310547,4596100
2020-12-14,43.75,45.59000015258789,42.279998779296875,42.290000915527344,3300500
2020-12-15,51.16999816894531,51.5,45.150001525878906,46.099998474121094,11262700
2020-12-16,53.310001373291016,54.13999938964844,47.91999816894531,51.04999923706055,4419700
2020-12-17,51.7599983215332,53.790000915527344,51.314998626708984,53.638999938964844,2841500
2020-12-18,53.9900016784668,54.220001220703125,51.369998931884766,51.91999816894531,3751900
2020-12-21,54.900001525878906,55.13999938964844,51.5,52.5,2116100
2020-12-22,54.40999984741211,56.11000061035156,54.06999969482422,55.529998779296875,1532700
2020-12-23,54.22999954223633,54.779998779296875,52.38999938964844,54.45000076293945,837700
2020-12-24,53.34000015258789,55.152000427246094,53.266998291015625,54.380001068115234,543100
2020-12-28,52.0099983215332,54.0,51.7400016784668,53.75,1038200
2020-12-29,51.43000030517578,52.75,49.529998779296875,51.5099983215332,1352000
2020-12-30,52.88999938964844,54.27000045776367,51.619998931884766,51.619998931884766,877500
2020-12-31,52.02000045776367,53.06999969482422,51.5,53.0,885400
2021-01-04,51.0,52.40999984741211,50.349998474121094,51.15999984741211,2030200
2021-01-05,51.0,51.810001373291016,50.20000076293945,50.97999954223633,1781200
2021-01-06,52.36000061035156,53.84000015258789,50.33000183105469,50.86600112915039,2363700
2021-01-07,53.689998626708984,53.766998291015625,51.70000076293945,52.220001220703125,1246000
2021-01-08,54.0,55.70000076293945,52.400001525878906,55.106998443603516,1656600
2021-01-11,52.5099983215332,53.5,51.310001373291016,52.5,1227700
2021-01-12,52.45000076293945,53.439998626708984,52.058998107910156,52.5,1055300
2021-01-13,53.09000015258789,56.7400016784668,51.959999084472656,52.0099983215332,3290900
2021-01-14,51.189998626708984,53.79999923706055,51.060001373291016,53.12300109863281,1607600
2021-01-15,49.619998931884766,51.5359992980957,48.560001373291016,51.029998779296875,1810800
2021-01-19,50.189998626708984,51.349998474121094,49.13999938964844,50.810001373291016,1614100
2021-01-20,50.18000030517578,51.2400016784668,49.349998474121094,51.00600051879883,912900
2021-01-21,47.52000045776367,50.49300003051758,47.20000076293945,50.45000076293945,1648400
2021-01-22,49.41999816894531,49.529998779296875,46.790000915527344,47.09000015258789,1384800
2021-01-25,50.25,50.2599983215332,48.59000015258789,49.81399917602539,925900
2021-01-26,50.005001068115234,51.400001525878906,49.5,50.279998779296875,1813700
2021-01-27,46.40999984741211,49.810001373291016,46.279998779296875,49.029998779296875,1647600
2021-01-28,48.04999923706055,49.46200180053711,46.5,46.810001373291016,1375900
2021-01-29,48.27000045776367,48.900001525878906,46.52000045776367,47.65999984741211,1190900
2021-02-01,48.470001220703125,49.06999969482422,47.619998931884766,49.06999969482422,1152400
2021-02-02,48.900001525878906,49.959999084472656,48.83000183105469,49.439998626708984,1049000
2021-02-03,48.470001220703125,49.40999984741211,47.38999938964844,49.0,943900
2021-02-04,48.529998779296875,49.279998779296875,47.70000076293945,48.86600112915039,1126500
2021-02-05,54.29999923706055,54.869998931884766,49.400001525878906,50.939998626708984,3924600
2021-02-08,52.43000030517578,56.5,51.70800018310547,56.25,2839000
2021-02-09,51.470001220703125,53.06999969482422,51.099998474121094,52.380001068115234,1876000
2021-02-10,49.45000076293945,52.0,49.029998779296875,51.5,1468000
2021-02-11,48.810001373291016,50.915000915527344,48.54999923706055,50.27000045776367,879500
2021-02-12,47.95000076293945,50.301998138427734,47.790000915527344,48.5,1388400
2021-02-16,46.810001373291016,48.880001068115234,46.72999954223633,48.5,1589400
2021-02-17,45.88999938964844,46.654998779296875,44.310001373291016,46.529998779296875,1591600
2021-02-18,46.130001068115234,46.987998962402344,45.099998474121094,45.59000015258789,1126800
2021-02-19,47.279998779296875,48.25,46.36000061035156,46.5,1000100
2021-02-22,44.81999969482422,48.016998291015625,44.650001525878906,46.959999084472656,1294600
2021-02-23,44.72999954223633,45.79999923706055,43.040000915527344,43.560001373291016,1610300
2021-02-24,45.08000183105469,46.209999084472656,44.279998779296875,44.709999084472656,864400
2021-02-25,43.5,45.72999954223633,42.900001525878906,44.650001525878906,1075300
2021-02-26,43.77000045776367,44.823001861572266,42.41999816894531,44.22999954223633,1201600
2021-03-01,45.0,45.34000015258789,43.959999084472656,44.40999984741211,930000
2021-03-02,44.86000061035156,46.2599983215332,44.529998779296875,44.90999984741211,1285200
2021-03-03,42.72999954223633,45.185001373291016,42.53499984741211,44.599998474121094,1532900
2021-03-04,41.61000061035156,43.970001220703125,40.834999084472656,42.95000076293945,1843400
2021-03-05,43.279998779296875,43.33000183105469,38.44499969482422,41.900001525878906,2138700
2021-03-08,41.709999084472656,44.61000061035156,41.470001220703125,43.41999816894531,1334700
2021-03-09,45.04999923706055,45.7599983215332,42.29999923706055,42.29999923706055,1626400
2021-03-10,46.63999938964844,47.40999984741211,44.5,44.869998931884766,1088300
2021-03-11,50.290000915527344,50.66999816894531,47.0,47.310001373291016,1585900
2021-03-12,49.83000183105469,49.9900016784668,47.25,49.58000183105469,1163700
2021-03-15,48.099998474121094,50.5,47.68000030517578,49.7599983215332,1175400
2021-03-16,47.099998474121094,48.720001220703125,46.41999816894531,48.20000076293945,1063200
2021-03-17,48.209999084472656,48.810001373291016,45.75,46.38999938964844,846600
2021-03-18,46.040000915527344,48.75,46.0099983215332,47.61000061035156,836400
2021-03-19,49.10499954223633,49.470001220703125,46.33000183105469,46.47999954223633,3638000
2021-03-22,50.20000076293945,51.29999923706055,48.33000183105469,48.970001220703125,2036100
2021-03-23,48.349998474121094,50.47999954223633,48.16999816894531,49.849998474121094,1316800
2021-03-24,45.36000061035156,48.72999954223633,45.2400016784668,48.72999954223633,1663900
2021-03-25,46.63999938964844,46.7400016784668,43.81999969482422,44.349998474121094,1392400
2021-03-26,46.099998474121094,46.95000076293945,43.72999954223633,46.790000915527344,1085000
2021-03-29,43.099998474121094,45.66999816894531,42.68000030517578,45.40999984741211,1048600
2021-03-30,45.279998779296875,46.0,42.314998626708984,43.0,1062300
2021-03-31,48.20000076293945,48.61000061035156,45.20000076293945,45.380001068115234,3299000
2021-04-01,48.959999084472656,50.0,48.439998626708984,48.93000030517578,1422100
2021-04-05,47.869998931884766,49.880001068115234,47.2400016784668,49.869998931884766,1406500
2021-04-06,46.72999954223633,48.5099983215332,46.720001220703125,47.83000183105469,1498400
2021-04-07,46.130001068115234,47.09000015258789,45.720001220703125,46.7599983215332,1167000
2021-04-08,46.70000076293945,47.36000061035156,46.0,46.16999816894531,634500
2021-04-09,44.790000915527344,46.72999954223633,44.400001525878906,46.72999954223633,866400
2021-04-12,43.900001525878906,44.79999923706055,43.29499816894531,44.79999923706055,744800
2021-04-13,44.650001525878906,44.97999954223633,43.20000076293945,44.369998931884766,638600
2021-04-14,44.56999969482422,46.400001525878906,44.52000045776367,44.560001373291016,1005200
2021-04-15,45.83000183105469,46.0,44.65999984741211,45.150001525878906,1525300
2021-04-16,44.779998779296875,49.38800048828125,44.38999938964844,47.900001525878906,3970300
2021-04-19,42.810001373291016,45.36000061035156,42.209999084472656,45.0099983215332,1826600
2021-04-20,39.959999084472656,42.61000061035156,39.64500045776367,41.959999084472656,2409700
2021-04-21,40.720001220703125,40.88999938964844,38.71500015258789,38.994998931884766,1965700
2021-04-22,41.09000015258789,42.130001068115234,40.150001525878906,41.02000045776367,1187600
2021-04-23,42.40999984741211,43.0,41.16999816894531,41.61000061035156,1331700
2021-04-26,44.43000030517578,44.849998474121094,42.119998931884766,42.86000061035156,1650300
2021-04-27,42.790000915527344,44.939998626708984,42.33000183105469,44.650001525878906,2279700
2021-04-28,43.61000061035156,44.0,42.11000061035156,42.56999969482422,736400
2021-04-29,43.02000045776367,43.97999954223633,42.540000915527344,43.76900100708008,762400
2021-04-30,44.709999084472656,45.279998779296875,43.400001525878906,43.5890007019043,1615800
2021-05-03,43.310001373291016,45.5,43.2400016784668,45.25,1247500
2021-05-04,40.970001220703125,42.97999954223633,40.5,42.75,1360700
2021-05-05,41.47999954223633,42.310001373291016,40.65999984741211,41.2400016784668,910200
2021-05-06,39.849998474121094,41.29499816894531,37.400001525878906,41.04999923706055,1971500
2021-05-07,40.20000076293945,40.939998626708984,39.81999969482422,40.33000183105469,1030900
2021-05-10,37.900001525878906,39.47999954223633,37.689998626708984,39.119998931884766,1483900
2021-05-11,37.52000045776367,38.689998626708984,35.560001373291016,36.41999816894531,1831800
2021-05-12,36.33000183105469,37.60300064086914,36.16999816894531,37.0099983215332,1828300
2021-05-13,34.2400016784668,36.79999923706055,33.349998474121094,36.599998474121094,2002000
2021-05-14,34.2599983215332,34.97999954223633,33.529998779296875,34.29999923706055,1591900
2021-05-17,33.849998474121094,34.2599983215332,33.19499969482422,33.68000030517578,1050000
2021-05-18,34.0099983215332,35.900001525878906,33.17499923706055,34.25,1491200
2021-05-19,32.525001525878906,33.77000045776367,32.375,33.369998931884766,1139500
2021-05-20,32.5,33.630001068115234,32.29999923706055,32.599998474121094,1434800
2021-05-21,33.20000076293945,33.83000183105469,32.810001373291016,33.29999923706055,1892100
2021-05-24,33.720001220703125,34.189998626708984,33.0,34.06999969482422,1074400
2021-05-25,33.529998779296875,35.439998626708984,33.279998779296875,34.75,2026800
2021-05-26,34.36000061035156,34.65999984741211,33.36000061035156,33.91999816894531,1132200
2021-05-27,33.59000015258789,34.470001220703125,33.099998474121094,34.25,2389400
2021-05-28,34.869998931884766,35.380001068115234,33.91999816894531,33.91999816894531,1261500
2021-06-01,34.459999084472656,36.2599983215332,34.220001220703125,35.0,1264200
2021-06-02,34.400001525878906,34.91999816894531,33.70000076293945,34.31999969482422,978700
2021-06-03,34.439998626708984,34.709999084472656,33.59000015258789,34.130001068115234,1009900
2021-06-04,35.16999816894531,35.25,34.209999084472656,34.66999816894531,921300
2021-06-07,37.150001525878906,37.189998626708984,35.29999923706055,35.36000061035156,1575800
2021-06-08,37.15999984741211,37.9900016784668,36.029998779296875,37.63999938964844,1241200
2021-06-09,37.29999923706055,37.79999923706055,37.04999923706055,37.47999954223633,575400
2021-06-10,37.970001220703125,38.08000183105469,36.7400016784668,37.310001373291016,972300
2021-06-11,37.77000045776367,38.119998931884766,37.220001220703125,37.880001068115234,863300
2021-06-14,38.29999923706055,38.58000183105469,37.77000045776367,38.0,1118500
2021-06-15,37.40999984741211,38.900001525878906,36.869998931884766,38.209999084472656,950300
2021-06-16,36.70000076293945,37.80799865722656,35.880001068115234,37.40999984741211,883800
2021-06-17,37.849998474121094,37.97999954223633,36.04999923706055,36.38999938964844,881700
2021-06-18,37.560001373291016,38.06999969482422,37.029998779296875,37.27000045776367,1922900
2021-06-21,37.709999084472656,38.2599983215332,36.97999954223633,37.75,958500
2021-06-22,37.540000915527344,38.15999984741211,37.209999084472656,37.75,891600
2021-06-23,37.90999984741211,38.25,37.404998779296875,37.59000015258789,684000
2021-06-24,38.810001373291016,38.84000015258789,37.9900016784668,38.119998931884766,851000
2021-06-25,39.88999938964844,40.0,38.974998474121094,39.06999969482422,1983900
2021-06-28,39.400001525878906,40.060001373291016,38.880001068115234,39.900001525878906,684900
2021-06-29,37.61000061035156,39.41999816894531,37.540000915527344,39.40999984741211,891900
2021-06-30,38.790000915527344,39.2400016784668,36.849998474121094,37.5,747200
2021-07-01,40.45000076293945,40.59000015258789,38.44499969482422,38.44499969482422,862600
2021-07-02,40.11000061035156,41.0,39.66999816894531,40.900001525878906,760500
2021-07-06,38.86000061035156,40.65999984741211,38.665000915527344,40.400001525878906,728600
2021-07-07,37.529998779296875,39.470001220703125,37.2599983215332,38.959999084472656,534300
2021-07-08,38.689998626708984,38.720001220703125,36.400001525878906,36.720001220703125,637600
2021-07-09,40.34000015258789,40.53499984741211,38.58000183105469,39.0,681600
2021-07-12,39.31999969482422,40.34000015258789,38.95000076293945,40.16999816894531,599400
2021-07-13,38.70000076293945,39.310001373291016,38.369998931884766,39.25,540800
2021-07-14,37.029998779296875,38.95000076293945,37.0,38.84000015258789,723800
2021-07-15,37.22999954223633,37.36000061035156,35.98500061035156,36.75,952800
2021-07-16,37.02000045776367,38.3650016784668,36.84000015258789,37.63999938964844,712700
2021-07-19,36.86000061035156,37.459999084472656,35.75,36.209999084472656,638400
2021-07-20,37.959999084472656,38.150001525878906,36.68000030517578,36.939998626708984,853600
2021-07-21,38.119998931884766,38.198001861572266,37.29999923706055,37.970001220703125,600500
2021-07-22,38.06999969482422,38.70000076293945,37.45000076293945,38.130001068115234,561500
2021-07-23,37.83000183105469,38.38999938964844,37.470001220703125,38.2599983215332,525300
2021-07-26,35.25,38.369998931884766,35.119998931884766,37.91999816894531,1071600
2021-07-27,34.09000015258789,35.82899856567383,33.34000015258789,35.13999938964844,1111400
2021-07-28,36.61000061035156,36.79999923706055,34.38999938964844,34.529998779296875,719500
2021-07-29,35.68000030517578,37.13999938964844,35.5099983215332,36.77000045776367,551700
2021-07-30,34.9900016784668,36.09000015258789,34.90999984741211,35.5,617400
2021-08-02,27.420000076293945,32.34000015258789,26.281999588012695,32.27000045776367,8580800
2021-08-03,25.469999313354492,27.65999984741211,25.260000228881836,27.5049991607666,4314100
2021-08-04,24.25,25.489999771118164,24.020000457763672,25.200000762939453,3531300
2021-08-05,24.450000762939453,24.959999084472656,23.25,24.25,3005500
2021-08-06,23.520000457763672,24.639999389648438,23.31999969482422,24.56999969482422,1885700
2021-08-09,23.540000915527344,24.64900016784668,23.329999923706055,23.549999237060547,1487900
2021-08-10,22.170000076293945,23.75,22.059999465942383,23.649999618530273,2194900
2021-08-11,22.260000228881836,22.959999084472656,21.729999542236328,22.219999313354492,1867900
2021-08-12,22.469999313354492,22.760000228881836,21.219999313354492,22.15999984741211,2158500
2021-08-13,22.790000915527344,23.5,22.610000610351562,22.860000610351562,2449000
2021-08-16,22.299999237060547,23.219999313354492,22.18000030517578,22.809999465942383,1743900
2021-08-17,22.299999237060547,22.350000381469727,21.058000564575195,22.0049991607666,2178900
2021-08-18,22.25,23.020000457763672,21.729999542236328,22.389999389648438,983900
2021-08-19,21.780000686645508,22.280000686645508,21.15999984741211,22.030000686645508,2243900
2021-08-20,24.0,24.43000030517578,22.200000762939453,22.309999465942383,2551100
2021-08-23,26.170000076293945,26.670000076293945,24.540000915527344,24.540000915527344,2674100
2021-08-24,25.700000762939453,26.440000534057617,25.059999465942383,26.440000534057617,1693300
2021-08-25,25.93000030517578,26.389999389648438,25.475000381469727,25.6299991607666,1160800
2021-08-26,25.200000762939453,26.489999771118164,25.18000030517578,25.790000915527344,1247500
2021-08-27,27.06999969482422,27.559999465942383,25.450000762939453,25.739999771118164,2747600
2021-08-30,26.709999084472656,27.66900062561035,26.40999984741211,27.5,1339600
2021-08-31,27.06999969482422,27.639999389648438,26.389999389648438,26.860000610351562,2843200
2021-09-01,29.459999084472656,29.575000762939453,26.905000686645508,27.114999771118164,1943500
2021-09-02,30.170000076293945,30.270000457763672,28.760000228881836,29.424999237060547,1352500
2021-09-03,30.170000076293945,31.81999969482422,29.25,30.0,2154700
2021-09-07,30.09000015258789,30.5,29.65999984741211,30.0,1957700
2021-09-08,29.40999984741211,30.100000381469727,29.190000534057617,29.829999923706055,1226100
2021-09-09,30.469999313354492,30.729999542236328,29.020000457763672,29.149999618530273,885400
2021-09-10,29.790000915527344,30.770000457763672,29.59000015258789,30.56999969482422,980600
2021-09-13,30.079999923706055,30.579999923706055,28.75,29.8799991607666,1085600
2021-09-14,29.799999237060547,30.940000534057617,29.31999969482422,30.0,1191600
2021-09-15,29.899999618530273,30.40999984741211,29.700000762939453,29.799999237060547,1081900
2021-09-16,30.6299991607666,30.777999877929688,29.110000610351562,29.610000610351562,1099200
2021-09-17,31.280000686645508,31.40999984741211,29.93000030517578,30.690000534057617,2788800
2021-09-20,30.700000762939453,31.187000274658203,29.899999618530273,30.079999923706055,1334600
2021-09-21,31.059999465942383,31.600000381469727,30.43000030517578,30.760000228881836,1496500
2021-09-22,31.829999923706055,31.950000762939453,30.628000259399414,31.059999465942383,758500
2021-09-23,33.08000183105469,33.11000061035156,31.549999237060547,32.0,978400
2021-09-24,32.15999984741211,33.310001373291016,32.0099983215332,32.91999816894531,957400
2021-09-27,34.52000045776367,34.935001373291016,32.38999938964844,32.41999816894531,1485100
2021-09-28,33.040000915527344,34.38999938964844,32.849998474121094,34.029998779296875,1167000
2021-09-29,33.56999969482422,33.9900016784668,32.72999954223633,33.27000045776367,918800
2021-09-30,33.279998779296875,34.689998626708984,33.224998474121094,33.63999938964844,771000
2021-10-01,33.709999084472656,33.75,32.11000061035156,33.130001068115234,881100
2021-10-04,32.209999084472656,33.63999938964844,31.950000762939453,33.40999984741211,974500
2021-10-05,32.36000061035156,33.16999816894531,32.189998626708984,32.2400016784668,802400
2021-10-06,31.139999389648438,32.20000076293945,30.719999313354492,31.6299991607666,1093900
2021-10-07,31.520000457763672,31.948999404907227,31.0,31.219999313354492,606000
2021-10-08,31.549999237060547,31.8799991607666,31.18000030517578,31.520000457763672,502700
2021-10-11,32.02000045776367,32.38199996948242,31.600000381469727,32.220001220703125,631400
2021-10-12,32.61000061035156,32.939998626708984,31.90999984741211,32.137001037597656,492600
2021-10-13,32.79999923706055,32.93000030517578,32.31999969482422,32.650001525878906,725600
2021-10-14,33.95000076293945,34.130001068115234,33.06999969482422,33.06999969482422,827100
2021-10-15,33.310001373291016,34.599998474121094,33.27000045776367,34.52000045776367,726100
2021-10-18,32.779998779296875,33.619998931884766,32.65999984741211,32.900001525878906,587900
2021-10-19,31.8799991607666,33.470001220703125,31.719999313354492,33.0099983215332,793600
2021-10-20,31.8799991607666,32.099998474121094,31.139999389648438,31.8799991607666,683000
2021-10-21,31.809999465942383,32.45000076293945,31.739999771118164,32.02000045776367,485400
2021-10-22,31.399999618530273,31.59000015258789,30.915000915527344,31.469999313354492,603200
2021-10-25,32.130001068115234,32.540000915527344,31.35300064086914,31.510000228881836,580400
2021-10-26,31.739999771118164,32.58000183105469,31.649999618530273,32.439998626708984,545600
2021-10-27,31.059999465942383,32.029998779296875,31.010000228881836,31.799999237060547,493300
2021-10-28,31.579999923706055,31.6200008392334,30.75,31.100000381469727,593100
2021-10-29,31.219999313354492,32.15999984741211,31.1299991607666,31.670000076293945,637400
2021-11-01,32.72999954223633,32.90999984741211,31.040000915527344,31.350000381469727,1084400
2021-11-02,32.77000045776367,32.849998474121094,31.405000686645508,32.72999954223633,874200
2021-11-03,32.90999984741211,33.43000030517578,32.439998626708984,32.77000045776367,1286200
2021-11-04,34.849998474121094,35.0099983215332,31.93000030517578,32.130001068115234,1546600
2021-11-05,35.5099983215332,35.849998474121094,34.220001220703125,35.02000045776367,1530700
2021-11-08,34.79999923706055,35.939998626708984,34.380001068115234,35.619998931884766,1000800
2021-11-09,34.66999816894531,35.499000549316406,34.54999923706055,34.869998931884766,857200
2021-11-10,33.25,34.86000061035156,33.138999938964844,34.369998931884766,787500
2021-11-11,33.16999816894531,33.8650016784668,32.95000076293945,33.20000076293945,502300
2021-11-12,31.780000686645508,33.44499969482422,31.43000030517578,33.43000030517578,991800
2021-11-15,27.049999237060547,29.847999572753906,26.51099967956543,28.75,3640600
2021-11-16,26.639999389648438,26.940000534057617,25.5,26.700000762939453,1909000
2021-11-17,27.18000030517578,27.69499969482422,26.510000228881836,26.639999389648438,1164100
2021-11-18,24.860000610351562,27.6299991607666,22.690000534057617,27.219999313354492,2821500
2021-11-19,24.40999984741211,25.184999465942383,24.200000762939453,24.700000762939453,1338800
2021-11-22,23.75,24.639999389648438,23.5,24.459999084472656,1622100
2021-11-23,24.510000228881836,24.639999389648438,22.899999618530273,23.549999237060547,1429500
2021-11-24,25.40999984741211,25.600000381469727,23.860000610351562,24.290000915527344,727500
2021-11-26,23.979999542236328,25.56999969482422,23.690000534057617,25.360000610351562,898200
2021-11-29,23.360000610351562,24.899999618530273,23.260000228881836,24.059999465942383,816000
2021-11-30,15.199999809265137,15.279999732971191,12.619999885559082,13.470000267028809,22032600
2021-12-01,15.6899995803833,16.68000030517578,14.479999542236328,14.550000190734863,5665600
2021-12-02,16.780000686645508,17.0,15.6899995803833,15.699999809265137,2366200
2021-12-03,15.640000343322754,16.780000686645508,15.180000305175781,16.770000457763672,2633800
2021-12-06,16.299999237060547,16.43000030517578,14.899999618530273,15.729999542236328,2072500
2021-12-07,17.469999313354492,18.489999771118164,16.69499969482422,16.760000228881836,2174900
2021-12-08,18.040000915527344,18.540000915527344,17.25,17.559999465942383,1561900
2021-12-09,16.690000534057617,17.93000030517578,16.65999984741211,17.90999984741211,1539600
2021-12-10,16.56999969482422,17.600000381469727,16.420000076293945,16.8799991607666,1544900
2021-12-13,16.09000015258789,17.149999618530273,15.640000343322754,17.0,1833300
2021-12-14,15.59000015258789,16.40999984741211,15.529999732971191,16.020000457763672,1381200
2021-12-15,16.719999313354492,16.760000228881836,15.279999732971191,15.600000381469727,1989400
2021-12-16,15.819999694824219,17.15999984741211,15.5,16.979999542236328,1472700
2021-12-17,18.239999771118164,18.479999542236328,15.510000228881836,15.65999984741211,5429900
2021-12-20,17.450000762939453,18.06999969482422,16.93000030517578,17.770000457763672,1822500
2021-12-21,17.959999084472656,18.0,17.420000076293945,17.523000717163086,1375200
2021-12-22,18.350000381469727,18.3799991607666,17.32200050354004,17.8700008392334,907400
2021-12-23,19.389999389648438,19.559999465942383,18.190000534057617,18.399999618530273,1166200
2021-12-27,18.649999618530273,19.399999618530273,18.450000762939453,19.389999389648438,856000
2021-12-28,19.030000686645508,19.649999618530273,18.719999313354492,18.719999313354492,1016300
2021-12-29,19.239999771118164,19.239999771118164,18.649999618530273,18.8799991607666,896800
2021-12-30,19.350000381469727,20.260000228881836,19.15999984741211,19.239999771118164,1483600
2021-12-31,19.0,19.75,18.959999084472656,19.229999542236328,1435700
2022-01-03,20.450000762939453,20.690000534057617,18.725000381469727,19.1299991607666,2180000
2022-01-04,19.09000015258789,20.290000915527344,18.719999313354492,20.290000915527344,2223100
2022-01-05,17.510000228881836,19.489999771118164,17.40999984741211,19.079999923706055,1670600
2022-01-06,17.959999084472656,18.579999923706055,16.972000122070312,17.479999542236328,1938200
2022-01-07,17.520000457763672,18.389999389648438,17.3700008392334,17.850000381469727,999200
2022-01-10,17.360000610351562,17.479999542236328,16.639999389648438,17.1299991607666,2035300
2022-01-11,16.8799991607666,17.540000915527344,16.770000457763672,17.229999542236328,2030700
2022-01-12,15.680000305175781,17.200000762939453,15.579999923706055,17.059999465942383,1785700
2022-01-13,15.40999984741211,16.190000534057617,15.210000038146973,15.699999809265137,1742500
2022-01-14,15.6899995803833,15.850000381469727,15.029999732971191,15.34000015258789,1528000
2022-01-18,14.180000305175781,15.550000190734863,14.15999984741211,15.270000457763672,1723400
2022-01-19,14.25,14.600000381469727,13.970000267028809,14.279999732971191,2351900
2022-01-20,14.0,15.069999694824219,13.949999809265137,14.630000114440918,1957600
2022-01-21,13.569999694824219,14.40999984741211,13.510000228881836,13.859999656677246,1712300
2022-01-24,14.460000038146973,14.569999694824219,12.899999618530273,13.5,2479900
2022-01-25,14.760000228881836,15.119999885559082,13.619999885559082,14.100000381469727,1723100
2022-01-26,13.899999618530273,15.260000228881836,13.720000267028809,15.100000381469727,1705500
2022-01-27,8.270000457763672,14.619999885559082,8.045000076293945,14.125,18046500
2022-01-28,9.729999542236328,9.729999542236328,8.28499984741211,8.460000038146973,8898000
2022-01-31,11.569999694824219,11.760000228881836,9.8100004196167,9.890000343322754,5500800
2022-02-01,11.770000457763672,12.53499984741211,11.15999984741211,11.75,3325000
2022-02-02,10.979999542236328,11.6899995803833,10.800000190734863,11.680000305175781,2073400
2022-02-03,10.140000343322754,11.069999694824219,9.869999885559082,10.890000343322754,6065900
2022-02-04,10.149999618530273,10.34000015258789,9.829999923706055,10.039999961853027,2880100
2022-02-07,10.210000038146973,10.59000015258789,10.029999732971191,10.199999809265137,2051900
2022-02-08,10.579999923706055,10.729999542236328,9.96500015258789,10.220000267028809,1927000
2022-02-09,10.84000015258789,11.25,10.630000114440918,10.65999984741211,1751200
2022-02-10,10.390000343322754,11.119999885559082,10.1899995803833,10.460000038146973,3477300
2022-02-11,10.350000381469727,10.880000114440918,10.109999656677246,10.449999809265137,1702500
2022-02-14,9.979999542236328,10.34000015258789,9.890000343322754,10.270000457763672,1444500
2022-02-15,10.930000305175781,11.069999694824219,10.15999984741211,10.229999542236328,1895000
2022-02-16,11.229999542236328,11.470000267028809,10.6899995803833,11.0,1896200
2022-02-17,10.829999923706055,11.460000038146973,10.600000381469727,11.170000076293945,1782900
2022-02-18,10.539999961853027,11.029999732971191,10.479999542236328,10.699999809265137,1297600
2022-02-22,10.069999694824219,10.5,10.039999961853027,10.34000015258789,1522100
2022-02-23,9.430000305175781,10.229999542236328,9.420000076293945,10.170000076293945,1470600
2022-02-24,9.84000015258789,9.880000114440918,8.970000267028809,9.029999732971191,2665600
2022-02-25,9.899999618530273,10.0,9.470000267028809,9.9399995803833,1611800
2022-02-28,9.869999885559082,10.270000457763672,9.609999656677246,9.920000076293945,1563800
2022-03-01,10.289999961853027,10.59000015258789,9.899999618530273,10.0,2154100
2022-03-02,10.329999923706055,10.819999694824219,10.09000015258789,10.399999618530273,1911800
2022-03-03,9.350000381469727,10.574999809265137,9.25,10.574999809265137,2673500
2022-03-04,8.770000457763672,9.529999732971191,8.699999809265137,9.350000381469727,1966800
2022-03-07,8.670000076293945,9.149999618530273,8.489999771118164,8.880000114440918,1800200
2022-03-08,8.489999771118164,8.930000305175781,8.199999809265137,8.710000038146973,1336700
2022-03-09,9.130000114440918,9.170999526977539,8.65999984741211,8.75,1790700
2022-03-10,9.010000228881836,9.229999542236328,8.649999618530273,8.850000381469727,1354000
2022-03-11,8.800000190734863,9.25,8.800000190734863,9.109999656677246,1253900
2022-03-14,7.809999942779541,8.84000015258789,7.789999961853027,8.609999656677246,2838400
2022-03-15,7.989999771118164,8.210000038146973,7.730000019073486,7.880000114440918,2153600
2022-03-16,8.8100004196167,8.829999923706055,8.045000076293945,8.15999984741211,3009200
2022-03-17,9.680000305175781,9.6899995803833,8.350000381469727,8.520000457763672,2204500
2022-03-18,10.149999618530273,10.279999732971191,9.621000289916992,9.649999618530273,9712100
2022-03-21,9.699999809265137,10.25,9.5,9.979999542236328,1966100
2022-03-22,10.220000267028809,10.269000053405762,9.6899995803833,9.699999809265137,1693300
2022-03-23,9.960000038146973,10.579999923706055,9.890000343322754,10.09000015258789,1312500
2022-03-24,10.329999923706055,10.390000343322754,9.842000007629395,10.09000015258789,1270600
2022-03-25,9.970000267028809,10.34000015258789,9.920000076293945,10.289999961853027,1517900
2022-03-28,9.930000305175781,10.300000190734863,9.545000076293945,9.979999542236328,1441000
2022-03-29,10.5600004196167,10.75,10.020000457763672,10.09000015258789,2345100
2022-03-30,9.819999694824219,10.699999809265137,9.729999542236328,10.470000267028809,1515500
2022-03-31,9.510000228881836,10.09000015258789,9.484999656677246,9.880000114440918,1762900
2022-04-01,10.079999923706055,10.109999656677246,9.420000076293945,9.569999694824219,1638800
2022-04-04,10.65999984741211,10.670000076293945,10.109999656677246,10.119999885559082,2643600
2022-04-05,10.470000267028809,10.869999885559082,10.420000076293945,10.630000114440918,1934700
2022-04-06,10.489999771118164,10.630000114440918,10.140000343322754,10.25,1349800
2022-04-07,9.710000038146973,10.420000076293945,9.609999656677246,10.149999618530273,1564300
2022-04-08,9.260000228881836,9.90999984741211,9.170000076293945,9.75,1518500
2022-04-11,9.109999656677246,9.40999984741211,8.859999656677246,9.039999961853027,1426100
2022-04-12,9.270000457763672,9.729999542236328,9.09000015258789,9.220000267028809,1229900
2022-04-13,9.670000076293945,9.789999961853027,9.100000381469727,9.399999618530273,1775800
2022-04-14,8.850000381469727,9.630000114440918,8.819999694824219,9.539999961853027,2733600
2022-04-18,6.920000076293945,7.170000076293945,6.020999908447266,6.03000020980835,14024400
2022-04-19,7.260000228881836,7.349999904632568,6.739999771118164,6.760000228881836,5155400
2022-04-20,7.690000057220459,7.829999923706055,7.139999866485596,7.380000114440918,3059500
2022-04-21,7.420000076293945,8.039999961853027,7.420000076293945,7.739999771118164,2903400
2022-04-22,7.130000114440918,7.570000171661377,7.0,7.369999885559082,1939400
2022-04-25,7.46999979019165,7.565000057220459,7.019999980926514,7.099999904632568,1911600
2022-04-26,6.739999771118164,7.460000038146973,6.710000038146973,7.329999923706055,2663300
2022-04-27,6.550000190734863,6.860000133514404,6.5,6.710000038146973,2336600
2022-04-28,6.710000038146973,6.809999942779541,6.170000076293945,6.739999771118164,2085500
2022-04-29,6.940000057220459,7.289999961853027,6.650000095367432,6.659999847412109,2597100
2022-05-02,7.550000190734863,7.800000190734863,6.909999847412109,6.96999979019165,3000200
2022-05-03,7.46999979019165,7.699999809265137,7.150000095367432,7.460000038146973,1787300
2022-05-04,7.860000133514404,7.934999942779541,7.099999904632568,7.510000228881836,2473300
2022-05-05,7.519999980926514,7.760000228881836,7.28000020980835,7.670000076293945,2166800
2022-05-06,7.079999923706055,7.434999942779541,6.96999979019165,7.329999923706055,2323300
2022-05-09,6.409999847412109,7.099999904632568,6.369999885559082,6.889999866485596,2536500
2022-05-10,6.460000038146973,7.190000057220459,6.105000019073486,6.860000133514404,2847100
2022-05-11,5.710000038146973,6.670000076293945,5.579999923706055,6.670000076293945,3649700
2022-05-12,6.039999961853027,6.159999847412109,5.510000228881836,5.559999942779541,2957300
2022-05-13,6.5,6.659999847412109,6.199999809265137,6.269999980926514,3047400
2022-05-16,6.46999979019165,6.775000095367432,6.360000133514404,6.489999771118164,1895400
2022-05-17,6.820000171661377,6.96999979019165,6.599999904632568,6.71999979019165,2690400
2022-05-18,6.099999904632568,6.78000020980835,6.070000171661377,6.519999980926514,2396300
2022-05-19,6.039999961853027,6.25,5.75,6.090000152587891,3802800
2022-05-20,5.389999866485596,6.099999904632568,4.809999942779541,5.840000152587891,4946000
2022-05-23,5.440000057220459,5.579999923706055,5.260000228881836,5.46999979019165,2532700
2022-05-24,4.900000095367432,5.380000114440918,4.849999904632568,5.309999942779541,2469400
2022-05-25,4.989999771118164,5.019999980926514,4.734000205993652,4.860000133514404,2513200
2022-05-26,5.050000190734863,5.255000114440918,4.824999809265137,4.989999771118164,2014100
2022-05-27,5.170000076293945,5.255000114440918,4.739999771118164,5.070000171661377,3397200
2022-05-31,4.420000076293945,5.090000152587891,4.389999866485596,5.050000190734863,4834500
2022-06-01,3.9100000858306885,4.579999923706055,3.8299999237060547,4.340000152587891,7038800
2022-06-02,4.099999904632568,4.190000057220459,3.740000009536743,3.9100000858306885,5328400
2022-06-03,4.400000095367432,4.610000133514404,4.050000190734863,4.130000114440918,3974500
2022-06-06,3.950000047683716,4.449999809265137,3.884999990463257,4.360000133514404,3418500
2022-06-07,4.21999979019165,4.255000114440918,3.9000000953674316,3.930000066757202,3873500
2022-06-08,5.010000228881836,5.090000152587891,4.119999885559082,4.159999847412109,7084600
2022-06-09,4.840000152587891,5.25,4.829999923706055,5.099999904632568,4695500
2022-06-10,4.590000152587891,4.960000038146973,4.449999809265137,4.829999923706055,2890800
2022-06-13,4.130000114440918,4.53000020980835,4.059999942779541,4.400000095367432,3872000
2022-06-14,3.8499999046325684,4.190000057220459,3.680000066757202,4.139999866485596,4145300
2022-06-15,3.869999885559082,4.010000228881836,3.630000114440918,3.9100000858306885,4283400
2022-06-16,3.740000009536743,3.809999942779541,3.4800000190734863,3.7100000381469727,3392600
2022-06-17,4.039999961853027,4.239999771118164,3.700000047683716,3.759999990463257,9083000
2022-06-21,4.300000190734863,4.570000171661377,4.139999866485596,4.139999866485596,3817500
2022-06-22,4.389999866485596,4.599999904632568,4.150000095367432,4.170000076293945,2774700
2022-06-23,4.630000114440918,4.630000114440918,4.320000171661377,4.440000057220459,4840300
2022-06-24,4.400000095367432,4.78000020980835,4.239999771118164,4.730000019073486,2658600
2022-06-27,4.340000152587891,4.449999809265137,4.181000232696533,4.340000152587891,1998000
2022-06-28,4.059999942779541,4.375,3.9600000381469727,4.369999885559082,2330500
2022-06-29,4.320000171661377,4.369999885559082,3.9700000286102295,4.079999923706055,2586600
2022-06-30,4.25,4.340000152587891,3.9800000190734863,4.269999980926514,1883000
2022-07-01,4.570000171661377,4.579999923706055,4.21999979019165,4.230000019073486,2336300
2022-07-05,5.25,5.260000228881836,4.420000076293945,4.440000057220459,4723500
2022-07-06,5.289999961853027,5.505000114440918,5.090000152587891,5.260000228881836,2944500
2022-07-07,5.53000020980835,5.704999923706055,5.230000019073486,5.28000020980835,2388600
2022-07-08,5.630000114440918,5.639999866485596,5.389999866485596,5.429999828338623,1608200
2022-07-11,5.190000057220459,5.659999847412109,5.099999904632568,5.559999942779541,2874800
2022-07-12,5.630000114440918,5.664999961853027,4.994999885559082,5.199999809265137,2518800
2022-07-13,6.079999923706055,6.179999828338623,5.429999828338623,5.440000057220459,2719200
2022-07-14,6.170000076293945,6.570000171661377,5.815000057220459,6.0,3248000
2022-07-15,6.199999809265137,6.320000171661377,5.570000171661377,6.304999828338623,2699600
2022-07-18,5.900000095367432,6.769999980926514,5.835000038146973,6.289999961853027,2856300
2022-07-19,6.300000190734863,6.355000019073486,5.71999979019165,5.920000076293945,2763900
2022-07-20,6.860000133514404,7.111000061035156,6.300000190734863,6.440000057220459,3438000
2022-07-21,6.659999847412109,6.877999782562256,6.460000038146973,6.840000152587891,1506200
2022-07-22,6.239999771118164,6.885000228881836,6.199999809265137,6.769999980926514,3463000
2022-07-25,6.449999809265137,6.480000019073486,6.050000190734863,6.230000019073486,1634000
2022-07-26,6.260000228881836,6.539999961853027,6.059999942779541,6.380000114440918,2170200
2022-07-27,6.650000095367432,6.730000019073486,6.144000053405762,6.300000190734863,2342900
2022-07-28,6.389999866485596,6.690000057220459,6.15500020980835,6.610000133514404,1695400
2022-07-29,5.989999771118164,6.389999866485596,5.849999904632568,6.340000152587891,2205400
2022-08-01,5.539999961853027,6.010000228881836,5.510000228881836,5.929999828338623,2673300
2022-08-02,5.760000228881836,5.914999961853027,5.420000076293945,5.53000020980835,1813400
2022-08-03,6.059999942779541,6.340000152587891,5.789999961853027,5.789999961853027,2109900
2022-08-04,6.449999809265137,6.539999961853027,6.090000152587891,6.099999904632568,2616400
2022-08-05,6.230000019073486,6.260000228881836,5.429999828338623,6.239999771118164,5386100
2022-08-08,7.519999980926514,7.559999942779541,6.409999847412109,6.480000019073486,5590900
2022-08-09,7.440000057220459,7.758999824523926,7.179999828338623,7.440000057220459,4027100
2022-08-10,7.960000038146973,8.229999542236328,7.46999979019165,7.699999809265137,3581200
2022-08-11,7.519999980926514,8.5,7.440000057220459,7.960000038146973,3701900
2022-08-12,8.3100004196167,8.524999618530273,7.619999885559082,7.679999828338623,4234900
2022-08-15,8.399999618530273,8.649999618530273,8.119999885559082,8.300000190734863,2358400
2022-08-16,7.78000020980835,8.430000305175781,7.735000133514404,8.430000305175781,3009700
2022-08-17,7.429999828338623,7.820000171661377,7.355000019073486,7.599999904632568,1966500
2022-08-18,7.309999942779541,7.489999771118164,6.910999774932861,7.480000019073486,2055100
2022-08-19,6.989999771118164,7.320000171661377,6.900000095367432,7.110000133514404,2181300
2022-08-22,6.670000076293945,7.110000133514404,6.409999847412109,6.900000095367432,2557800
2022-08-23,6.809999942779541,6.980000019073486,6.629000186920166,6.739999771118164,2045500
2022-08-24,7.480000019073486,7.53000020980835,6.789999961853027,6.840000152587891,2404400
2022-08-25,7.630000114440918,7.789999961853027,7.380000114440918,7.579999923706055,1781900
2022-08-26,6.760000228881836,7.730000019073486,6.639999866485596,7.710000038146973,2648300
2022-08-29,6.590000152587891,6.809999942779541,6.429999828338623,6.559999942779541,1841100
2022-08-30,6.769999980926514,6.929999828338623,6.349999904632568,6.730000019073486,2566000
2022-08-31,7.130000114440918,7.235000133514404,6.900000095367432,6.900000095367432,2092000
2022-09-01,7.360000133514404,7.380000114440918,6.735000133514404,7.070000171661377,2124500
2022-09-02,6.800000190734863,7.5,6.78000020980835,7.460000038146973,1960400
2022-09-06,5.820000171661377,6.800000190734863,5.679999828338623,6.659999847412109,3153000
2022-09-07,6.800000190734863,6.860000133514404,5.688000202178955,5.809999942779541,3154500
2022-09-08,6.949999809265137,7.079999923706055,6.579999923706055,6.599999904632568,1899300
2022-09-09,7.210000038146973,7.255000114440918,6.809999942779541,7.010000228881836,2059800
2022-09-12,7.599999904632568,7.739999771118164,7.050000190734863,7.190000057220459,2684700
2022-09-13,6.849999904632568,7.380000114440918,6.630000114440918,7.329999923706055,3971600
2022-09-14,7.079999923706055,7.105000019073486,6.409999847412109,6.829999923706055,3033300
2022-09-15,7.300000190734863,7.550000190734863,6.980000019073486,7.010000228881836,2221400
2022-09-16,6.789999961853027,7.139999866485596,6.610000133514404,7.099999904632568,6438500
2022-09-19,6.730000019073486,6.869999885559082,6.440000057220459,6.690000057220459,2117400
2022-09-20,6.590000152587891,6.855000019073486,6.519999980926514,6.650000095367432,1490600
2022-09-21,6.289999961853027,6.730000019073486,6.244999885559082,6.650000095367432,1834600
2022-09-22,6.090000152587891,6.224999904632568,5.980000019073486,6.21999979019165,2122800
2022-09-23,5.739999771118164,6.079999923706055,5.550000190734863,6.0,2584500
2022-09-26,5.579999923706055,6.190000057220459,5.550000190734863,5.71999979019165,2024200
2022-09-27,6.0,6.135000228881836,5.739999771118164,5.769999980926514,2488900
2022-09-28,6.489999771118164,6.590000152587891,6.099999904632568,6.190000057220459,2720200
2022-09-29,5.989999771118164,6.380000114440918,5.940000057220459,6.349999904632568,2460000
2022-09-30,5.920000076293945,6.420000076293945,5.860000133514404,5.940000057220459,2058200
2022-10-03,6.0,6.349999904632568,5.820000171661377,6.019999980926514,2123500
2022-10-04,6.440000057220459,6.510000228881836,6.130000114440918,6.170000076293945,2857900
2022-10-05,6.260000228881836,6.429999828338623,5.929999828338623,6.239999771118164,2041400
2022-10-06,6.150000095367432,6.369999885559082,6.0,6.199999809265137,1674000
2022-10-07,5.659999847412109,6.03000020980835,5.639999866485596,5.960000038146973,2445700
2022-10-10,5.21999979019165,5.630000114440918,5.210000038146973,5.630000114440918,1991700
2022-10-11,5.369999885559082,5.585000038146973,5.010000228881836,5.199999809265137,2734200
2022-10-12,5.690000057220459,5.710000038146973,5.230000019073486,5.380000114440918,1795900
2022-10-13,5.71999979019165,5.78000020980835,5.329999923706055,5.400000095367432,1654300
2022-10-14,5.429999828338623,5.880000114440918,5.400000095367432,5.815000057220459,1721600
2022-10-17,5.960000038146973,6.019999980926514,5.510000228881836,5.75,2284000
2022-10-18,5.710000038146973,6.210000038146973,5.565000057220459,6.150000095367432,2655000
2022-10-19,5.130000114440918,5.710000038146973,5.050000190734863,5.579999923706055,3780100
2022-10-20,5.010000228881836,5.40500020980835,4.974999904632568,5.099999904632568,1999700
2022-10-21,5.210000038146973,5.230000019073486,4.860000133514404,5.010000228881836,2025900
2022-10-24,5.090000152587891,5.244999885559082,4.875,5.239999771118164,1782100
2022-10-25,5.380000114440918,5.53000020980835,5.179999828338623,5.179999828338623,2620100
2022-10-26,5.53000020980835,5.920000076293945,5.329999923706055,5.329999923706055,2024400
2022-10-27,5.309999942779541,5.739999771118164,5.239999771118164,5.619999885559082,2464300
2022-10-28,5.71999979019165,5.739999771118164,5.190000057220459,5.369999885559082,2067000
2022-10-31,5.820000171661377,5.894999980926514,5.510000228881836,5.679999828338623,2308700
2022-11-01,6.28000020980835,6.355000019073486,5.900000095367432,5.980000019073486,3317100
2022-11-02,6.019999980926514,6.519999980926514,5.875,6.25,2368900
2022-11-03,5.880000114440918,6.28000020980835,5.78000020980835,5.929999828338623,1552400
2022-11-04,5.840000152587891,6.039999961853027,5.46999979019165,5.96999979019165,1964100
2022-11-07,5.659999847412109,6.059999942779541,5.590000152587891,5.840000152587891,1220600
2022-11-08,5.610000133514404,5.920000076293945,5.539999961853027,5.829999923706055,2255100
2022-11-09,5.159999847412109,5.650000095367432,5.159999847412109,5.5,2496200
2022-11-10,8.430000305175781,8.84000015258789,5.820000171661377,5.829999923706055,13150200
2022-11-11,9.34000015258789,9.600000381469727,8.300000190734863,8.34000015258789,6969700
2022-11-14,8.710000038146973,9.699999809265137,8.6899995803833,9.350000381469727,3786000
2022-11-15,8.8100004196167,9.5,8.710000038146973,9.229999542236328,3492400
2022-11-16,8.460000038146973,8.930000305175781,8.274999618530273,8.609999656677246,2425000
2022-11-17,8.319999694824219,8.59000015258789,8.079999923706055,8.279999732971191,1756600
2022-11-18,7.96999979019165,8.569999694824219,7.550000190734863,8.569999694824219,2879500
2022-11-21,8.289999961853027,8.4399995803833,7.705999851226807,7.840000152587891,2751300
2022-11-22,8.130000114440918,8.34000015258789,7.644999980926514,8.34000015258789,2119500
2022-11-23,8.170000076293945,8.3100004196167,8.074999809265137,8.130000114440918,1570600
2022-11-25,8.109999656677246,8.248000144958496,7.949999809265137,8.020000457763672,609500
2022-11-28,7.980000019073486,8.335000038146973,7.925000190734863,8.119999885559082,1663300
2022-11-29,8.130000114440918,8.279999732971191,7.894999980926514,8.0,1810600
2022-11-30,8.819999694824219,8.850000381469727,8.130000114440918,8.1899995803833,3138700
2022-12-01,8.020000457763672,8.880000114440918,7.802999973297119,8.880000114440918,3615000
2022-12-02,8.770000457763672,8.824999809265137,7.650000095367432,7.980000019073486,3452500
2022-12-05,8.15999984741211,8.779999732971191,8.079999923706055,8.729999542236328,3698100
2022-12-06,8.369999885559082,8.569999694824219,8.038000106811523,8.199999809265137,2347900
2022-12-07,8.3100004196167,8.519000053405762,8.020000457763672,8.270000457763672,1854900
2022-12-08,8.199999809265137,8.717000007629395,8.130000114440918,8.461999893188477,2223000
2022-12-09,7.519999980926514,8.338000297546387,7.480000019073486,8.199999809265137,4501500
2022-12-12,8.5600004196167,8.680000305175781,7.409999847412109,7.559999942779541,5127000
2022-12-13,9.0600004196167,9.119999885559082,8.475000381469727,8.9399995803833,3290400
2022-12-14,9.149999618530273,9.329999923706055,8.805000305175781,9.0600004196167,3328500
2022-12-15,8.619999885559082,9.069999694824219,8.550000190734863,8.970000267028809,3452400
2022-12-16,7.920000076293945,8.59000015258789,7.5,8.460000038146973,9655600
2022-12-19,8.039999961853027,8.170000076293945,7.614999771118164,8.050000190734863,3249300
2022-12-20,8.579999923706055,8.670000076293945,7.880000114440918,7.96999979019165,3167300
2022-12-21,8.829999923706055,9.529999732971191,8.550000190734863,8.680000305175781,4526700
2022-12-22,8.579999923706055,8.859999656677246,8.140000343322754,8.800000190734863,3425600
2022-12-23,8.119999885559082,8.710000038146973,7.760000228881836,8.680000305175781,3884800
2022-12-27,7.820000171661377,8.418999671936035,7.769999980926514,8.1899995803833,4984700
2022-12-28,8.460000038146973,11.479999542236328,6.880000114440918,7.900000095367432,31685900
2022-12-29,10.399999618530273,11.116000175476074,8.710000038146973,9.180000305175781,32775500
2022-12-30,11.829999923706055,11.880000114440918,10.40999984741211,10.90999984741211,23156700
2023-01-03,11.569999694824219,12.239999771118164,11.270000457763672,12.045000076293945,9038700
2023-01-04,10.720000267028809,11.699999809265137,10.479999542236328,11.699999809265137,9109100
2023-01-05,10.229999542236328,10.637999534606934,10.0,10.5600004196167,6395200
2023-01-06,10.800000190734863,11.079999923706055,10.050000190734863,10.25,5532500
2023-01-09,11.649999618530273,12.350000381469727,10.84000015258789,11.069999694824219,9496600
2023-01-10,12.069999694824219,12.09000015258789,11.319999694824219,11.569999694824219,5376700
2023-01-11,13.119999885559082,13.875,11.90999984741211,12.050000190734863,9228900
2023-01-12,13.199999809265137,13.34000015258789,12.649999618530273,13.229999542236328,5413300
2023-01-13,13.630000114440918,13.895000457763672,12.989999771118164,12.989999771118164,5242500
2023-01-17,12.880000114440918,13.579999923706055,12.770000457763672,13.430000305175781,4673000
2023-01-18,11.90999984741211,13.149999618530273,11.880000114440918,13.0,4464300
2023-01-19,11.819999694824219,12.25,11.645000457763672,11.8100004196167,2800000
2023-01-20,12.34000015258789,12.399999618530273,11.800000190734863,12.0,3915800
2023-01-23,12.6899995803833,12.694999694824219,12.064000129699707,12.34000015258789,3104400
2023-01-24,14.470000267028809,14.670000076293945,12.873000144958496,13.180000305175781,7569000
2023-01-25,14.229999542236328,14.670000076293945,13.880000114440918,14.039999961853027,4235400
2023-01-26,14.149999618530273,14.529999732971191,13.710000038146973,14.479999542236328,3833900
2023-01-27,14.630000114440918,14.850000381469727,13.710000038146973,14.100000381469727,4000500
2023-01-30,14.5,14.800000190734863,14.182000160217285,14.430000305175781,2667900
2023-01-31,15.229999542236328,15.364999771118164,14.489999771118164,14.550000190734863,3804000
2023-02-01,16.770000457763672,17.280000686645508,15.071000099182129,15.229999542236328,9073500
2023-02-02,17.969999313354492,18.15999984741211,16.75,16.850000381469727,6957000
2023-02-03,17.360000610351562,18.309999465942383,17.110000610351562,17.469999313354492,4344400
2023-02-06,18.479999542236328,18.68000030517578,16.91200065612793,17.510000228881836,4008100
2023-02-07,18.43000030517578,19.1200008392334,17.530000686645508,18.729999542236328,4450000
2023-02-08,17.899999618530273,18.959999084472656,17.59000015258789,18.530000686645508,3198100
2023-02-09,17.520000457763672,18.360000610351562,17.334999084472656,18.059999465942383,3457600
2023-02-10,17.899999618530273,18.100000381469727,16.940000534057617,17.549999237060547,3956500
2023-02-13,18.389999389648438,18.56999969482422,17.3700008392334,17.899999618530273,2948500
2023-02-14,19.0,19.1200008392334,17.860000610351562,18.040000915527344,5137800
2023-02-15,19.34000015258789,19.59000015258789,18.549999237060547,18.809999465942383,3972000
2023-02-16,18.290000915527344,19.104999542236328,18.1299991607666,19.0,4856600
2023-02-17,18.040000915527344,18.3799991607666,17.709999084472656,18.31999969482422,2521900
2023-02-21,16.270000457763672,17.75,16.19499969482422,17.530000686645508,5113500
2023-02-22,16.899999618530273,16.934999465942383,16.309999465942383,16.399999618530273,3109200
2023-02-23,16.450000762939453,17.0,16.18000030517578,16.969999313354492,3082200
2023-02-24,15.699999809265137,16.23200035095215,15.619999885559082,16.040000915527344,3456400
2023-02-27,15.930000305175781,16.079999923706055,15.449999809265137,16.0,4448900
2023-02-28,16.020000457763672,16.780000686645508,14.300000190734863,14.789999961853027,4423500
2023-03-01,15.319999694824219,16.204999923706055,15.010000228881836,16.149999618530273,4183000
2023-03-02,15.869999885559082,15.984999656677246,14.9399995803833,14.989999771118164,2233600
2023-03-03,17.170000076293945,17.350000381469727,15.850000381469727,16.020000457763672,3631700
2023-03-06,17.479999542236328,17.510000228881836,16.899999618530273,17.229999542236328,2887100
2023-03-07,17.43000030517578,18.100000381469727,17.31999969482422,17.559999465942383,3260700
2023-03-08,17.469999313354492,17.62299919128418,17.06999969482422,17.329999923706055,2677700
2023-03-09,16.729999542236328,17.809999465942383,16.6299991607666,17.6200008392334,2628400
2023-03-10,14.079999923706055,15.899999618530273,13.430000305175781,15.899999618530273,9808300
2023-03-13,15.0600004196167,15.529999732971191,13.770000457763672,13.899999618530273,5256300
2023-03-14,14.880000114440918,15.5600004196167,14.5,15.380000114440918,3029700
2023-03-15,14.789999961853027,14.84000015258789,14.015000343322754,14.649999618530273,2827900
2023-03-16,14.65999984741211,14.960000038146973,13.970000267028809,14.779999732971191,2517400
2023-03-17,14.789999961853027,15.09000015258789,14.479999542236328,14.649999618530273,7375700
2023-03-20,14.600000381469727,14.930000305175781,14.369999885559082,14.920000076293945,3294000
2023-03-21,14.920000076293945,15.3100004196167,14.699999809265137,14.829999923706055,2653600
2023-03-22,14.25,14.885000228881836,14.065999984741211,14.539999961853027,3796600
2023-03-23,14.90999984741211,15.109999656677246,14.350000381469727,14.460000038146973,3300000
2023-03-24,14.699999809265137,14.930000305175781,14.229999542236328,14.8100004196167,1933600
2023-03-27,15.0,15.279999732971191,14.619999885559082,14.899999618530273,4279600
2023-03-28,14.649999618530273,15.039999961853027,14.640000343322754,14.859999656677246,1773600
2023-03-29,14.850000381469727,15.0,14.510000228881836,14.859999656677246,1853700
2023-03-30,14.630000114440918,15.0600004196167,14.265000343322754,15.0,2767700
2023-03-31,15.039999961853027,15.289999961853027,14.319999694824219,14.989999771118164,4565500
2023-04-03,16.56999969482422,16.59000015258789,14.90999984741211,15.010000228881836,4110100
2023-04-04,16.43000030517578,17.469999313354492,16.010000228881836,16.65999984741211,3925900
2023-04-05,15.710000038146973,16.6299991607666,15.369999885559082,16.239999771118164,3034900
2023-04-06,15.479999542236328,15.800000190734863,15.260000228881836,15.720000267028809,2580600
2023-04-10,19.010000228881836,19.239999771118164,16.895000457763672,17.020000457763672,12659900
2023-04-11,21.93000030517578,22.90999984741211,19.399999618530273,19.440000534057617,14607000
2023-04-12,20.06999969482422,22.299999237060547,19.979999542236328,22.040000915527344,5969900
2023-04-13,20.149999618530273,20.972000122070312,20.0,20.15999984741211,3656700
2023-04-14,20.31999969482422,20.350000381469727,19.5,19.90999984741211,2654500
2023-04-17,20.549999237060547,21.100000381469727,19.920000076293945,20.479999542236328,3516700
2023-04-18,21.184999465942383,21.25,20.149999618530273,20.774999618530273,2420400
2023-04-19,21.899999618530273,22.0,20.764999389648438,20.764999389648438,3269000
2023-04-20,21.389999389648438,21.690000534057617,21.142000198364258,21.5,2357100
2023-04-21,22.149999618530273,22.6200008392334,21.360000610351562,21.459999084472656,3732300
2023-04-24,22.6299991607666,22.889999389648438,22.030000686645508,22.139999389648438,2776800
2023-04-25,22.3799991607666,24.5,21.860000610351562,22.649999618530273,5062400
2023-04-26,22.100000381469727,23.049999237060547,22.0,22.329999923706055,2329700
2023-04-27,23.329999923706055,23.899999618530273,22.100000381469727,22.299999237060547,4535000
2023-04-28,24.829999923706055,25.350000381469727,22.84000015258789,23.100000381469727,4955200
2023-05-01,30.639999389648438,30.959999084472656,25.1200008392334,25.5,14930000
2023-05-02,31.15999984741211,32.29999923706055,30.010000228881836,30.81999969482422,7313000
2023-05-03,34.869998931884766,35.4900016784668,31.350000381469727,31.450000762939453,10625100
2023-05-04,35.0,35.66999816894531,33.40999984741211,34.849998474121094,5389800
2023-05-05,34.290000915527344,35.31999969482422,33.599998474121094,35.0,5034500
2023-05-08,33.099998474121094,34.209999084472656,32.130001068115234,34.09000015258789,4599100
2023-05-09,32.630001068115234,33.380001068115234,32.18000030517578,32.95000076293945,4714700
2023-05-10,34.790000915527344,35.220001220703125,33.689998626708984,34.43000030517578,4041800
2023-05-11,33.709999084472656,34.79999923706055,33.11000061035156,34.11000061035156,3601600
2023-05-12,30.889999389648438,33.58000183105469,30.459999084472656,33.52000045776367,5892200
2023-05-15,31.149999618530273,31.920000076293945,30.34000015258789,30.899999618530273,3013100
2023-05-16,30.389999389648438,30.84000015258789,29.15999984741211,29.670000076293945,3009700
2023-05-17,31.6299991607666,31.809999465942383,30.030000686645508,30.420000076293945,2153700
2023-05-18,30.639999389648438,31.538000106811523,29.90999984741211,31.1200008392334,2581200
2023-05-19,29.950000762939453,30.84000015258789,29.520000457763672,30.75,2537500
2023-05-22,28.579999923706055,30.065000534057617,28.454999923706055,29.90999984741211,3665300
2023-05-23,28.760000228881836,29.6299991607666,28.540000915527344,28.579999923706055,2079700
2023-05-24,27.969999313354492,28.549999237060547,27.652000427246094,28.290000915527344,2253400
2023-05-25,27.030000686645508,28.0,25.950000762939453,28.0,3474700
2023-05-26,27.200000762939453,27.420000076293945,26.729999542236328,27.09000015258789,2583500
2023-05-30,25.489999771118164,28.0,24.809999465942383,27.360000610351562,5202100
2023-05-31,26.6299991607666,27.209999084472656,25.375,25.420000076293945,4352800
2023-06-01,27.415000915527344,28.219999313354492,26.020000457763672,26.75,2849100
2023-06-02,26.559999465942383,27.75,26.204999923706055,27.600000381469727,2547400
2023-06-05,25.850000381469727,27.309999465942383,25.760000228881836,26.209999084472656,3880800
2023-06-06,26.489999771118164,26.899999618530273,25.229999542236328,25.559999465942383,2057700
2023-06-07,27.0,27.729999542236328,25.709999084472656,26.5,3244300
2023-06-08,28.979999542236328,29.31999969482422,26.899999618530273,27.0,5180400
2023-06-09,27.459999084472656,29.139999389648438,27.145000457763672,29.040000915527344,6978400
2023-06-12,26.200000762939453,27.860000610351562,26.139999389648438,27.719999313354492,3360400
2023-06-13,27.479999542236328,27.829999923706055,26.309999465942383,26.309999465942383,2262000
2023-06-14,27.18000030517578,27.579999923706055,26.510000228881836,27.31999969482422,2039200
2023-06-15,26.479999542236328,26.974000930786133,26.360000610351562,26.93000030517578,2356600
2023-06-16,25.670000076293945,27.799999237060547,25.5,27.0,7992100
2023-06-20,24.219999313354492,25.510000228881836,23.670000076293945,25.5,3977700
2023-06-21,23.799999237060547,24.6299991607666,23.760000228881836,23.924999237060547,3105400
2023-06-22,23.709999084472656,24.399999618530273,23.510000228881836,23.639999389648438,2521800
2023-06-23,23.600000381469727,24.15999984741211,22.950000762939453,23.3700008392334,3629600
2023-06-26,22.8700008392334,24.670000076293945,22.790000915527344,24.139999389648438,2581600
2023-06-27,22.829999923706055,23.0049991607666,22.260000228881836,22.670000076293945,2540800
2023-06-28,24.020000457763672,24.155000686645508,22.700000762939453,23.049999237060547,3151500
2023-06-29,24.110000610351562,24.479999542236328,23.65999984741211,24.100000381469727,2263200
2023-06-30,24.84000015258789,25.280000686645508,24.0,24.5,2664300
2023-07-03,22.75,25.040000915527344,22.195999145507812,25.020000457763672,2602900
2023-07-05,23.100000381469727,23.829999923706055,22.770000457763672,22.780000686645508,2014800
2023-07-06,23.040000915527344,23.31999969482422,22.020000457763672,22.56999969482422,1800800
2023-07-07,24.959999084472656,25.93000030517578,24.690000534057617,25.06999969482422,5363500
2023-07-10,26.5,26.950000762939453,24.959999084472656,25.049999237060547,3573100
2023-07-11,25.399999618530273,26.600000381469727,25.020000457763672,26.600000381469727,2326600
2023-07-12,25.459999084472656,25.81999969482422,25.209999084472656,25.68000030517578,1981500
2023-07-13,21.75,24.3799991607666,21.010000228881836,23.0,13621600
2023-07-14,22.100000381469727,22.635000228881836,21.40999984741211,22.030000686645508,3674000
2023-07-17,21.479999542236328,22.59000015258789,21.3700008392334,22.100000381469727,3084900
2023-07-18,21.3700008392334,22.299999237060547,21.170000076293945,21.299999237060547,3316400
2023-07-19,21.239999771118164,21.760000228881836,20.899999618530273,21.260000228881836,2713300
2023-07-20,20.950000762939453,21.548999786376953,20.761999130249023,21.149999618530273,2045800
2023-07-21,20.6200008392334,21.149999618530273,20.295000076293945,21.09000015258789,3339100
2023-07-24,20.280000686645508,20.989999771118164,19.920000076293945,20.649999618530273,3698800
2023-07-25,20.139999389648438,20.420000076293945,19.700000762939453,20.239999771118164,3213900
2023-07-26,20.229999542236328,20.5,19.899999618530273,20.139999389648438,2724000
2023-07-27,19.81999969482422,20.739999771118164,19.75,20.5,4945900
2023-07-28,19.700000762939453,20.350000381469727,19.639999389648438,20.260000228881836,3136300
2023-07-31,20.690000534057617,20.93000030517578,19.559999465942383,19.940000534057617,7137300
2023-08-01,10.489999771118164,12.0,9.579999923706055,11.880000114440918,37898000
2023-08-02,10.550000190734863,11.229999542236328,10.319999694824219,10.670000076293945,12895300
2023-08-03,11.199999809265137,11.829999923706055,10.539999961853027,10.59000015258789,12951800
2023-08-04,10.710000038146973,11.34000015258789,10.479999542236328,11.15999984741211,6314000
2023-08-07,10.100000381469727,10.699999809265137,9.859999656677246,10.649999618530273,8563200
2023-08-08,9.649999618530273,10.069999694824219,9.53499984741211,10.0,8397800
2023-08-09,9.680000305175781,9.822999954223633,9.510000228881836,9.649999618530273,4412300
2023-08-10,9.699999809265137,9.819999694824219,9.510000228881836,9.720000267028809,3834600
2023-08-11,10.130000114440918,10.319999694824219,9.149999618530273,9.180000305175781,7479800
2023-08-14,11.100000381469727,11.430000305175781,9.649999618530273,10.079999923706055,11594700
2023-08-15,11.529999732971191,11.800000190734863,10.84000015258789,11.079999923706055,5382000
2023-08-16,10.75,11.520000457763672,10.619999885559082,11.520000457763672,4347000
2023-08-17,10.390000343322754,10.967000007629395,10.3100004196167,10.8100004196167,3552800
2023-08-18,10.350000381469727,10.680000305175781,10.229999542236328,10.300000190734863,3177100
2023-08-21,10.369999885559082,10.470000267028809,10.020000457763672,10.300000190734863,3164700
2023-08-22,10.550000190734863,10.680000305175781,10.265000343322754,10.399999618530273,3516700
2023-08-23,10.529999732971191,10.84000015258789,10.475000381469727,10.579999923706055,2914100
2023-08-24,10.359999656677246,10.550000190734863,10.039999961853027,10.550000190734863,3073600
2023-08-25,10.479999542236328,10.699999809265137,10.265000343322754,10.329999923706055,2810100
2023-08-28,10.270000457763672,10.529999732971191,10.079999923706055,10.510000228881836,2603900
2023-08-29,10.460000038146973,10.579999923706055,10.239999771118164,10.25,3222600
2023-08-30,10.59000015258789,10.835000038146973,10.225000381469727,10.460000038146973,3229500
2023-08-31,10.470000267028809,10.710000038146973,10.390000343322754,10.59000015258789,2040400
2023-09-01,10.609999656677246,10.805000305175781,10.520000457763672,10.520000457763672,2381700
2023-09-05,10.680000305175781,10.949000358581543,10.510000228881836,10.520000457763672,2985300
2023-09-06,11.050000190734863,11.279999732971191,10.529999732971191,10.65999984741211,5813800
2023-09-07,11.289999961853027,11.399999618530273,10.878999710083008,10.920000076293945,3350000
2023-09-08,10.390000343322754,11.0,10.15999984741211,10.989999771118164,7077700
2023-09-11,10.619999885559082,10.720000267028809,10.229999542236328,10.479999542236328,3948800
2023-09-12,10.710000038146973,10.920000076293945,10.449999809265137,10.510000228881836,2942500
2023-09-13,10.130000114440918,10.850000381469727,10.130000114440918,10.720000267028809,3384400
2023-09-14,10.1899995803833,10.364999771118164,10.029999732971191,10.149999618530273,2398100
2023-09-15,10.140000343322754,10.310999870300293,9.970000267028809,10.1899995803833,11312200
2023-09-18,9.510000228881836,10.074999809265137,9.359999656677246,10.0,5935400
2023-09-19,9.59000015258789,9.6850004196167,9.335000038146973,9.489999771118164,2707400
2023-09-20,9.300000190734863,9.65999984741211,9.289999961853027,9.59000015258789,2643900
2023-09-21,9.25,9.359999656677246,9.029999732971191,9.239999771118164,3237900
2023-09-22,9.140000343322754,9.510000228881836,9.130000114440918,9.270000457763672,2542300
2023-09-25,8.979999542236328,9.206000328063965,8.85099983215332,9.010000228881836,3730700
2023-09-26,8.770000457763672,9.359999656677246,8.59000015258789,9.010000228881836,4580100
2023-09-27,8.819999694824219,9.031000137329102,8.505000114440918,8.8100004196167,3217800
2023-09-28,8.770000457763672,8.859999656677246,8.545000076293945,8.819999694824219,2218300
2023-09-29,8.359999656677246,8.890000343322754,8.140000343322754,8.8100004196167,5645100
2023-10-02,8.15999984741211,8.449999809265137,7.985000133514404,8.449999809265137,3394700
2023-10-03,7.960000038146973,8.220000267028809,7.789999961853027,8.15999984741211,2690000
2023-10-04,7.75,7.934999942779541,7.71999979019165,7.920000076293945,2261800
2023-10-05,7.900000095367432,8.085000038146973,7.630000114440918,7.75,3999900
2023-10-06,7.78000020980835,7.96999979019165,7.420000076293945,7.78000020980835,4257100
2023-10-09,7.159999847412109,7.510000228881836,7.125,7.400000095367432,4474000
2023-10-10,7.409999847412109,7.599999904632568,7.159999847412109,7.159999847412109,3634100
2023-10-11,7.289999961853027,7.760000228881836,7.119999885559082,7.630000114440918,4036100
2023-10-12,6.940000057220459,7.210000038146973,6.849999904632568,7.170000076293945,3737500
2023-10-13,6.690000057220459,7.0,6.53000020980835,6.949999809265137,4877300
2023-10-16,6.800000190734863,6.860000133514404,6.460000038146973,6.650000095367432,3512100
2023-10-17,6.84499979019165,7.03000020980835,6.659999847412109,6.699999809265137,4095800
2023-10-18,6.840000152587891,6.860000133514404,6.579999923706055,6.800000190734863,5042100
2023-10-19,6.679999828338623,7.159999847412109,6.630000114440918,6.889999866485596,10392400
2023-10-20,6.75,6.820000171661377,6.525000095367432,6.679999828338623,4382800
2023-10-23,6.690000057220459,6.849999904632568,6.519999980926514,6.679999828338623,4261100
2023-10-24,7.409999847412109,7.650000095367432,6.769999980926514,6.769999980926514,5629000
2023-10-25,7.019999980926514,7.458000183105469,6.909999847412109,7.400000095367432,5225400
2023-10-26,7.199999809265137,7.230000019073486,6.920000076293945,7.070000171661377,3374100
2023-10-27,6.960000038146973,7.260000228881836,6.889999866485596,7.260000228881836,5110000
2023-10-30,7.389999866485596,7.940000057220459,6.980000019073486,7.0,6247500
2023-10-31,7.730000019073486,7.860000133514404,7.170000076293945,7.340000152587891,6437400
2023-11-01,10.119999885559082,11.4399995803833,9.34000015258789,10.1899995803833,50843300
2023-11-02,10.40999984741211,11.239999771118164,9.869999885559082,10.119999885559082,16698600
2023-11-03,11.0600004196167,11.5600004196167,10.562000274658203,10.869999885559082,13826900
2023-11-06,10.25,11.170000076293945,10.050000190734863,11.100000381469727,7420000
2023-11-07,10.829999923706055,10.96500015258789,10.130999565124512,10.319999694824219,4916100
2023-11-08,10.789999961853027,11.428999900817871,10.710000038146973,10.869999885559082,5920400
2023-11-09,10.140000343322754,10.774999618530273,10.010000228881836,10.729999542236328,4822400
2023-11-10,10.220000267028809,10.470000267028809,10.119999885559082,10.229999542236328,3471200
2023-11-13,10.25,10.274999618530273,9.8100004196167,10.15999984741211,3406800
2023-11-14,10.949999809265137,11.069999694824219,10.420999526977539,10.829999923706055,4545700
2023-11-15,11.270000457763672,12.010000228881836,10.8149995803833,10.930000305175781,6844100
2023-11-16,11.260000228881836,11.420000076293945,10.979999542236328,11.395000457763672,3950200
2023-11-17,12.069999694824219,12.100000381469727,11.277999877929688,11.350000381469727,5523000
2023-11-20,12.819999694824219,12.880000114440918,11.859999656677246,12.199999809265137,6249800
2023-11-21,12.319999694824219,13.170000076293945,12.25,12.619999885559082,5142100
2023-11-22,12.670000076293945,12.954999923706055,12.260000228881836,12.479999542236328,3589500
2023-11-24,12.789999961853027,13.0600004196167,12.539999961853027,12.65999984741211,1597100
2023-11-27,12.680000305175781,12.847000122070312,12.300000190734863,12.654999732971191,2469500
2023-11-28,12.630000114440918,12.670000076293945,12.324999809265137,12.470000267028809,3380400
2023-11-29,12.489999771118164,13.199999809265137,12.470000267028809,12.75,3174600
2023-11-30,12.8100004196167,13.829999923706055,12.65999984741211,12.670000076293945,6732600
2023-12-01,13.829999923706055,13.84000015258789,12.369999885559082,12.760000228881836,5590700
2023-12-04,14.420000076293945,14.430000305175781,13.460000038146973,13.75,4808400
2023-12-05,14.319999694824219,14.789999961853027,14.069999694824219,14.260000228881836,3664200
2023-12-06,16.450000762939453,16.704999923706055,14.8100004196167,14.930000305175781,8758100
2023-12-07,16.030000686645508,16.989999771118164,15.979999542236328,16.559999465942383,5435300
2023-12-08,15.720000267028809,16.700000762939453,15.640000343322754,16.200000762939453,4324300
2023-12-11,15.210000038146973,15.619999885559082,14.930000305175781,15.59000015258789,4486200
2023-12-12,15.739999771118164,15.930000305175781,14.979999542236328,15.210000038146973,3746400
2023-12-13,16.690000534057617,16.700000762939453,15.569999694824219,15.579999923706055,5238900
2023-12-14,18.0,18.06999969482422,17.040000915527344,17.209999084472656,7255100
2023-12-15,18.479999542236328,18.559999465942383,17.559999465942383,18.1200008392334,9520500
2023-12-18,18.190000534057617,18.65999984741211,18.020000457763672,18.579999923706055,4376600
2023-12-19,18.809999465942383,18.875,18.110000610351562,18.5,4192000
2023-12-20,17.209999084472656,18.69499969482422,17.15999984741211,18.59000015258789,4881100
2023-12-21,17.149999618530273,17.940000534057617,16.885000228881836,17.75,7281600
2023-12-22,17.0,17.799999237060547,16.90999984741211,17.200000762939453,6077000
2023-12-26,16.989999771118164,17.34000015258789,16.610000610351562,17.209999084472656,4888700
2023-12-27,17.049999237060547,17.290000915527344,16.59000015258789,17.020000457763672,3143700
2023-12-28,17.6200008392334,17.969999313354492,16.899999618530273,17.040000915527344,6248600
2023-12-29,17.079999923706055,17.78499984741211,16.969999313354492,17.510000228881836,3824900
2024-01-02,17.040000915527344,17.3700008392334,16.3799991607666,16.729999542236328,3607400
2024-01-03,16.90999984741211,17.229999542236328,16.440000534057617,16.700000762939453,4648400
2024-01-04,18.020000457763672,18.2450008392334,16.700000762939453,16.860000610351562,5500200
2024-01-05,19.649999618530273,19.799999237060547,17.559999465942383,17.56999969482422,8547300
2024-01-08,21.299999237060547,21.559999465942383,19.709999084472656,19.709999084472656,7150700
2024-01-09,21.010000228881836,21.31999969482422,19.399999618530273,19.549999237060547,7981100
2024-01-10,17.770000457763672,22.670000076293945,16.832000732421875,22.549999237060547,24275500
2024-01-11,17.219999313354492,18.530000686645508,17.149999618530273,17.68000030517578,7296200
2024-01-12,15.770000457763672,17.34000015258789,15.680000305175781,17.219999313354492,8221800
2024-01-16,15.15999984741211,15.529999732971191,14.920000076293945,15.5,6069300
2024-01-17,15.300000190734863,15.3149995803833,14.545000076293945,14.739999771118164,5166500
2024-01-18,15.140000343322754,15.390000343322754,14.869999885559082,15.380000114440918,3177200
2024-01-19,15.069999694824219,15.350000381469727,14.829999923706055,15.170000076293945,3698200
2024-01-22,16.219999313354492,16.2549991607666,15.050000190734863,15.1899995803833,4790200
2024-01-23,15.8100004196167,16.416000366210938,15.4350004196167,16.350000381469727,3881200
2024-01-24,15.670000076293945,16.3700008392334,15.5649995803833,16.25,3742600
2024-01-25,15.979999542236328,16.219999313354492,15.65999984741211,15.6899995803833,2635700
2024-01-26,15.800000190734863,16.209999084472656,15.789999961853027,16.030000686645508,5341400
2024-01-29,16.25,16.280000686645508,15.605999946594238,15.829999923706055,3204300
2024-01-30,16.170000076293945,16.28499984741211,15.899999618530273,16.18000030517578,2133500
2024-01-31,16.239999771118164,17.059999465942383,15.829999923706055,16.100000381469727,5574100
2024-02-01,16.8799991607666,17.110000610351562,15.979999542236328,16.389999389648438,3256900
2024-02-02,16.459999084472656,16.709999084472656,16.25,16.5,2513700
2024-02-05,15.3100004196167,16.520000457763672,14.640000343322754,16.479999542236328,6843200
2024-02-06,15.350000381469727,15.57800006866455,14.914999961853027,15.25,3654000
2024-02-07,14.369999885559082,15.350000381469727,14.359999656677246,15.350000381469727,3750400
2024-02-08,14.640000343322754,14.819000244140625,13.960000038146973,14.319999694824219,3950400
2024-02-09,14.739999771118164,15.095000267028809,14.604000091552734,14.829999923706055,3808800
2024-02-12,15.180000305175781,15.1899995803833,14.680000305175781,14.90999984741211,3759200
2024-02-13,13.930000305175781,14.5600004196167,13.800000190734863,14.479999542236328,4865300
2024-02-14,14.1899995803833,14.385000228881836,13.899999618530273,14.25,2827200
2024-02-15,14.399999618530273,14.619999885559082,14.104999542236328,14.350000381469727,2564000
2024-02-16,13.829999923706055,14.229999542236328,13.8100004196167,14.210000038146973,2821600
2024-02-20,13.229999542236328,13.854999542236328,13.164999961853027,13.75,3879100
2024-02-21,13.020000457763672,13.279999732971191,12.84000015258789,13.010000228881836,3085200
2024-02-22,13.4399995803833,13.602999687194824,12.899999618530273,13.130000114440918,3681300
2024-02-23,13.319999694824219,13.5600004196167,13.1899995803833,13.359999656677246,2402900
2024-02-26,13.359999656677246,13.725000381469727,13.0,13.5,4995200
2024-02-27,13.90999984741211,14.0649995803833,13.350000381469727,13.819999694824219,6059000
2024-02-28,17.6299991607666,18.889999389648438,15.899999618530273,16.18000030517578,16649200
2024-02-29,17.219999313354492,18.079999923706055,16.889999389648438,17.850000381469727,6206300
2024-03-01,17.959999084472656,18.3799991607666,17.43000030517578,17.540000915527344,4850600
2024-03-04,17.8700008392334,18.2549991607666,17.399999618530273,17.93000030517578,5326000
2024-03-05,18.079999923706055,18.1299991607666,17.489999771118164,17.59000015258789,2876100
2024-03-06,18.229999542236328,18.969999313354492,17.969999313354492,18.34000015258789,3351700
2024-03-07,18.0,19.01799964904785,17.934999465942383,18.360000610351562,2891300
2024-03-08,16.780000686645508,18.290000915527344,16.614999771118164,18.209999084472656,5254500
2024-03-11,16.3700008392334,16.979999542236328,16.149999618530273,16.709999084472656,3392600
2024-03-12,15.84000015258789,16.6299991607666,15.739999771118164,16.299999237060547,2868700
2024-03-13,15.729999542236328,16.030000686645508,15.625,15.770000457763672,2677600
2024-03-14,15.359999656677246,15.739999771118164,15.069999694824219,15.5600004196167,3483600
2024-03-15,15.220000267028809,15.670000076293945,15.09000015258789,15.260000228881836,4006100
2024-03-18,15.050000190734863,15.289999961853027,14.510000228881836,15.09000015258789,2670500
2024-03-19,15.329999923706055,15.574999809265137,14.949999809265137,15.050000190734863,2617900
2024-03-20,15.369999885559082,15.4399995803833,14.883999824523926,15.199999809265137,2094400
2024-03-21,15.25,15.789999961853027,15.095000267028809,15.550000190734863,2156200
2024-03-22,15.489999771118164,15.755000114440918,15.029999732971191,15.239999771118164,2044600
2024-03-25,15.6899995803833,15.819999694824219,15.399999618530273,15.460000038146973,1770900
2024-03-26,15.4399995803833,15.989999771118164,15.239999771118164,15.829999923706055,2651500
2024-03-27,15.569999694824219,15.614999771118164,15.055000305175781,15.550000190734863,1454700
2024-03-28,15.210000038146973,15.600000381469727,15.145000457763672,15.5600004196167,2328100
2024-04-01,14.770000457763672,15.180000305175781,14.649999618530273,15.130000114440918,2219600
2024-04-02,14.4399995803833,14.59000015258789,14.130000114440918,14.430000305175781,2768400
2024-04-03,14.470000267028809,14.588000297546387,14.039999961853027,14.390000343322754,2289300
2024-04-04,14.460000038146973,14.875,14.380000114440918,14.649999618530273,2635200
2024-04-05,14.520000457763672,14.645000457763672,14.1899995803833,14.359999656677246,2299600
2024-04-08,14.970000267028809,15.027000427246094,14.3100004196167,14.619999885559082,2003400
2024-04-09,15.100000381469727,15.369999885559082,14.97599983215332,15.15999984741211,1942900
2024-04-10,14.710000038146973,15.0649995803833,14.4399995803833,14.5600004196167,2985300
2024-04-11,14.760000228881836,14.989999771118164,14.585000038146973,14.8100004196167,2242300
2024-04-12,14.15999984741211,14.869999885559082,13.90999984741211,14.760000228881836,3880500
2024-04-15,14.069999694824219,14.574999809265137,13.944999694824219,14.149999618530273,2269300
2024-04-16,14.0,14.170000076293945,13.765000343322754,13.979999542236328,1614400
2024-04-17,13.819999694824219,14.140000343322754,13.550000190734863,14.0600004196167,3076500
2024-04-18,13.989999771118164,14.630000114440918,13.850000381469727,13.989999771118164,3483800
2024-04-19,13.779999732971191,14.015000343322754,13.260000228881836,13.869999885559082,3666000
2024-04-22,14.100000381469727,14.3100004196167,13.654999732971191,13.949999809265137,2273600
2024-04-23,14.25,14.5649995803833,14.170000076293945,14.170000076293945,3222800
2024-04-24,13.979999542236328,14.347000122070312,13.739999771118164,14.279999732971191,2725100
2024-04-25,13.90999984741211,13.984999656677246,13.289999961853027,13.5600004196167,3859900
2024-04-26,13.470000267028809,14.005000114440918,13.40999984741211,13.9399995803833,2840700
2024-04-29,13.319999694824219,13.850000381469727,13.220000267028809,13.65999984741211,2879600
2024-04-30,13.65999984741211,13.75,12.930000305175781,13.300000190734863,5206700
2024-05-01,15.880000114440918,18.0,14.869999885559082,17.149999618530273,18588100
2024-05-02,16.420000076293945,16.760000228881836,15.550999641418457,16.200000762939453,8549300
2024-05-03,16.190000534057617,17.0,15.960000038146973,16.75,4804400
2024-05-06,16.510000228881836,16.6299991607666,15.760000228881836,16.260000228881836,3778200
2024-05-07,17.18000030517578,17.280000686645508,16.420000076293945,16.5,4532300
2024-05-08,17.1200008392334,17.6299991607666,16.979999542236328,16.989999771118164,4230800
2024-05-09,16.920000076293945,17.34000015258789,16.829999923706055,17.229999542236328,2679100
2024-05-10,16.6200008392334,17.125,16.600000381469727,16.90999984741211,2226800
2024-05-13,17.31999969482422,17.56999969482422,16.6299991607666,16.75,4316600
2024-05-14,17.959999084472656,18.3700008392334,17.510000228881836,17.510000228881836,3738800
2024-05-15,17.719999313354492,18.40999984741211,17.6299991607666,18.290000915527344,3437500
2024-05-16,17.420000076293945,17.735000610351562,17.290000915527344,17.719999313354492,2024800
2024-05-17,16.479999542236328,17.520000457763672,16.334999084472656,17.459999084472656,3268600
2024-05-20,16.479999542236328,16.64900016784668,16.225000381469727,16.6200008392334,3016000
2024-05-21,16.600000381469727,16.739999771118164,16.350000381469727,16.3799991607666,1448800
2024-05-22,17.700000762939453,17.874000549316406,16.540000915527344,16.549999237060547,3080600
2024-05-23,16.979999542236328,17.709999084472656,16.950000762939453,17.709999084472656,1990200
2024-05-24,16.709999084472656,17.155000686645508,16.600000381469727,17.1299991607666,1298100
2024-05-28,16.850000381469727,16.8799991607666,16.360000610351562,16.809999465942383,3210700
2024-05-29,16.360000610351562,16.790000915527344,16.290000915527344,16.6299991607666,1594600
2024-05-30,16.889999389648438,17.0,16.420000076293945,16.579999923706055,1768600
2024-05-31,16.299999237060547,17.149999618530273,16.229999542236328,16.989999771118164,1946000
2024-06-03,16.329999923706055,16.610000610351562,15.9399995803833,16.520000457763672,2529600
2024-06-04,16.209999084472656,16.3700008392334,15.989999771118164,16.260000228881836,1557300
2024-06-05,16.530000686645508,16.950000762939453,16.079999923706055,16.260000228881836,1718800
2024-06-06,15.8100004196167,16.940000534057617,15.729999542236328,16.420000076293945,2536900
2024-06-07,15.850000381469727,15.9399995803833,15.350000381469727,15.720000267028809,1909100
2024-06-10,15.899999618530273,15.949999809265137,15.15999984741211,15.5600004196167,2788000
2024-06-11,16.149999618530273,16.235000610351562,15.630000114440918,15.789999961853027,1984700
2024-06-12,16.809999465942383,17.670000076293945,16.399999618530273,16.530000686645508,2902300
2024-06-13,16.760000228881836,17.108999252319336,16.649999618530273,16.799999237060547,1579200
2024-06-14,16.549999237060547,16.969999313354492,16.235000610351562,16.639999389648438,1906300
2024-06-17,16.56999969482422,16.729999542236328,16.211000442504883,16.459999084472656,1577300
2024-06-18,16.770000457763672,16.959999084472656,16.389999389648438,16.709999084472656,1534400
2024-06-20,16.979999542236328,17.329999923706055,16.649999618530273,16.780000686645508,3010800
2024-06-21,17.649999618530273,18.34000015258789,16.8700008392334,16.989999771118164,5967100
2024-06-24,18.40999984741211,18.55500030517578,17.440000534057617,17.579999923706055,2814200
2024-06-25,19.190000534057617,19.489999771118164,18.25,18.25,3054800
2024-06-26,17.729999542236328,19.1200008392334,17.600000381469727,19.0,3329200
2024-06-27,17.950000762939453,18.389999389648438,17.68000030517578,17.770000457763672,1892000
2024-06-28,17.790000915527344,18.045000076293945,17.420000076293945,18.010000228881836,3138400
2024-07-01,18.149999618530273,18.90999984741211,17.559999465942383,17.670000076293945,2201300
2024-07-02,18.309999465942383,18.450000762939453,17.790000915527344,18.079999923706055,1868000
2024-07-03,18.790000915527344,19.100000381469727,18.200000762939453,18.49799919128418,1207200
2024-07-05,19.010000228881836,19.049999237060547,18.399999618530273,18.719999313354492,1742400
2024-07-08,19.549999237060547,19.950000762939453,18.770000457763672,19.209999084472656,4095000
2024-07-09,19.90999984741211,20.385000228881836,19.40999984741211,19.670000076293945,3330000
2024-07-10,20.5,20.635000228881836,19.799999237060547,19.93000030517578,2666000
2024-07-11,21.389999389648438,21.770000457763672,20.700000762939453,20.780000686645508,4059600
2024-07-12,21.190000534057617,22.34000015258789,20.950000762939453,21.350000381469727,3185600
2024-07-15,21.270000457763672,21.469999313354492,20.809999465942383,21.260000228881836,1952500
2024-07-16,22.520000457763672,22.645000457763672,21.354999542236328,21.49799919128418,3450300
2024-07-17,22.079999923706055,23.1200008392334,21.579999923706055,22.040000915527344,2984100
2024-07-18,21.229999542236328,22.469999313354492,20.889999389648438,22.1200008392334,2768700
2024-07-19,21.0,21.5,20.940000534057617,21.360000610351562,1545400
2024-07-22,20.440000534057617,21.21500015258789,20.190000534057617,21.100000381469727,2414800
2024-07-23,20.270000457763672,20.420000076293945,19.75,20.270000457763672,2346000
2024-07-24,19.579999923706055,20.25,19.459999084472656,20.030000686645508,1799600
2024-07-25,19.979999542236328,20.520000457763672,19.530000686645508,19.799999237060547,2294200
2024-07-26,20.565000534057617,20.799999237060547,19.979999542236328,20.209999084472656,1991200
2024-07-29,19.809999465942383,21.059999465942383,19.68000030517578,20.649999618530273,2222500
2024-07-30,19.209999084472656,20.0,18.68000030517578,20.0,2801800
2024-07-31,19.760000228881836,20.30500030517578,18.75,19.280000686645508,2926900
2024-08-01,18.93000030517578,19.68000030517578,18.760000228881836,19.68000030517578,2295000
2024-08-02,18.5,18.81999969482422,17.899999618530273,18.25,2506800
2024-08-05,17.209999084472656,17.940000534057617,16.649999618530273,17.260000228881836,4478500
2024-08-06,20.579999923706055,21.530000686645508,18.649999618530273,19.06999969482422,10042000
2024-08-07,19.989999771118164,22.149999618530273,19.969999313354492,21.399999618530273,5279800
2024-08-08,20.040000915527344,20.790000915527344,19.440000534057617,20.479999542236328,3639100
2024-08-09,19.920000076293945,20.229999542236328,19.450000762939453,20.18000030517578,3379200
2024-08-12,20.649999618530273,21.466999053955078,20.045000076293945,20.06999969482422,2777400
2024-08-13,21.229999542236328,21.239999771118164,20.684999465942383,20.799999237060547,3270800
2024-08-14,20.860000610351562,21.600000381469727,20.389999389648438,21.360000610351562,2114000
2024-08-15,20.940000534057617,21.93000030517578,20.850000381469727,21.25,3431200
2024-08-16,22.079999923706055,22.3799991607666,20.809999465942383,20.899999618530273,4150900
2024-08-19,25.190000534057617,25.290000915527344,22.440000534057617,22.56999969482422,10431900
2024-08-20,24.709999084472656,25.190000534057617,24.4060001373291,25.170000076293945,3732100
2024-08-21,25.06999969482422,25.3799991607666,24.299999237060547,24.709999084472656,2793000
2024-08-22,24.399999618530273,25.149999618530273,24.15999984741211,25.09000015258789,2021200
2024-08-23,24.459999084472656,25.059999465942383,24.40999984741211,24.520000457763672,1891100
2024-08-26,23.969999313354492,24.649999618530273,23.450000762939453,24.549999237060547,2538800
2024-08-27,23.110000610351562,24.09000015258789,22.93000030517578,23.84000015258789,2278900
2024-08-28,23.350000381469727,23.674999237060547,22.899999618530273,22.899999618530273,1974300
2024-08-29,23.510000228881836,24.200000762939453,23.299999237060547,23.350000381469727,2038700
2024-08-30,23.489999771118164,23.690000534057617,22.600000381469727,23.540000915527344,2938100
2024-09-03,22.610000610351562,25.700000762939453,22.15999984741211,23.920000076293945,5515200
2024-09-04,22.079999923706055,23.030000686645508,21.739999771118164,22.09000015258789,2193300
2024-09-05,21.459999084472656,22.280000686645508,21.260000228881836,21.969999313354492,2079000
2024-09-06,22.030000686645508,22.170000076293945,21.110000610351562,21.489999771118164,2694400
2024-09-09,23.75,24.5,22.81999969482422,23.239999771118164,6429900
2024-09-10,23.530000686645508,24.010000228881836,22.520000457763672,23.75,3414300
2024-09-11,23.06999969482422,23.90999984741211,23.010000228881836,23.43000030517578,3027200
2024-09-12,23.190000534057617,23.889999389648438,22.829999923706055,22.850000381469727,2359100
2024-09-13,23.729999542236328,24.389999389648438,23.260000228881836,23.309999465942383,3253600
2024-09-16,24.889999389648438,25.8700008392334,23.459999084472656,23.809999465942383,5153300
2024-09-17,25.079999923706055,26.030000686645508,24.899999618530273,25.020000457763672,3769900
2024-09-18,25.25,26.40999984741211,25.059999465942383,26.25,4270900
2024-09-19,25.280000686645508,26.09000015258789,25.084999084472656,25.600000381469727,3838900
2024-09-20,24.649999618530273,25.34000015258789,23.770000457763672,25.31999969482422,34122800
2024-09-23,23.25,24.799999237060547,23.219999313354492,24.549999237060547,2948800
2024-09-24,23.309999465942383,23.549999237060547,22.68000030517578,23.25,2747800
2024-09-25,23.350000381469727,23.6200008392334,23.0,23.34000015258789,2170700
2024-09-26,23.329999923706055,23.780000686645508,23.219999313354492,23.579999923706055,1729300
2024-09-27,23.829999923706055,24.020000457763672,23.350000381469727,23.56999969482422,1779900
2024-09-30,23.389999389648438,24.399999618530273,23.320999145507812,23.739999771118164,2187600
2024-10-01,22.829999923706055,23.34000015258789,22.110000610351562,23.229999542236328,3438600
2024-10-02,22.3799991607666,22.780000686645508,22.020000457763672,22.639999389648438,1882500
2024-10-03,22.190000534057617,22.729999542236328,22.08799934387207,22.219999313354492,1313900
2024-10-04,22.229999542236328,22.75,21.639999389648438,22.5,2259000
2024-10-07,21.309999465942383,22.329999923706055,21.15999984741211,22.110000610351562,4236200
2024-10-08,21.84000015258789,22.5,21.18000030517578,21.399999618530273,2245200
2024-10-09,21.895000457763672,22.579999923706055,21.610000610351562,22.059999465942383,2410100
2024-10-10,21.829999923706055,22.1200008392334,21.270000457763672,21.569000244140625,2334500
2024-10-11,22.18000030517578,22.219999313354492,21.649999618530273,21.829999923706055,2153700
2024-10-14,22.829999923706055,22.8799991607666,21.81999969482422,22.06999969482422,1871400
2024-10-15,24.56999969482422,24.625,22.6299991607666,23.030000686645508,3244700
2024-10-16,24.5,24.860000610351562,24.049999237060547,24.56999969482422,2190000
2024-10-17,23.940000534057617,24.69499969482422,23.834999084472656,24.399999618530273,1706500
2024-10-18,23.309999465942383,24.229999542236328,23.1299991607666,23.969999313354492,1996500
2024-10-21,24.3700008392334,24.40999984741211,22.850000381469727,23.059999465942383,2951500
2024-10-22,24.25,24.65999984741211,23.65999984741211,24.270000457763672,2282400
2024-10-23,23.1299991607666,24.274999618530273,22.99799919128418,24.1200008392334,2343300
2024-10-24,23.219999313354492,23.3799991607666,22.610000610351562,23.200000762939453,1635600
2024-10-25,23.360000610351562,24.309999465942383,23.219999313354492,23.260000228881836,2134800
2024-10-28,24.350000381469727,24.56999969482422,23.40999984741211,23.670000076293945,1873700
2024-10-29,25.709999084472656,26.225000381469727,24.350000381469727,26.020000457763672,4104800
2024-10-30,25.1299991607666,25.774999618530273,24.780000686645508,25.65999984741211,2392800
2024-10-31,25.059999465942383,25.399999618530273,24.229999542236328,25.059999465942383,2237600
2024-11-01,26.899999618530273,26.989999771118164,25.135000228881836,25.280000686645508,5726800
2024-11-04,24.360000610351562,25.049999237060547,22.920000076293945,24.389999389648438,9602000
2024-11-05,25.860000610351562,26.020000457763672,23.600000381469727,24.489999771118164,3956900
2024-11-06,27.170000076293945,27.670000076293945,26.149999618530273,27.0,4145000
2024-11-07,27.899999618530273,28.40999984741211,27.049999237060547,27.299999237060547,2838800
2024-11-08,28.809999465942383,28.920000076293945,27.10099983215332,27.639999389648438,3346600
2024-11-11,30.739999771118164,30.924999237060547,29.190000534057617,29.53499984741211,5341600
2024-11-12,30.90999984741211,32.47999954223633,30.40999984741211,30.459999084472656,5493000
2024-11-13,34.900001525878906,36.2400016784668,29.84000015258789,30.600000381469727,9890800
2024-11-14,30.844999313354492,36.5,30.358999252319336,34.900001525878906,8163300
2024-11-15,29.540000915527344,31.242000579833984,28.90999984741211,30.700000762939453,3275300
2024-11-18,29.610000610351562,30.0,28.59000015258789,29.56999969482422,4313200
2024-11-19,30.31999969482422,30.3700008392334,29.416000366210938,29.520000457763672,2154000
2024-11-20,31.149999618530273,32.0,29.90999984741211,30.450000762939453,2233100
2024-11-21,34.54999923706055,36.400001525878906,31.360000610351562,31.610000610351562,5838900
2024-11-22,35.06999969482422,35.31999969482422,33.709999084472656,34.599998474121094,2577300
2024-11-25,34.61000061035156,36.84000015258789,34.5099983215332,35.88999938964844,2957800
2024-11-26,34.2599983215332,34.720001220703125,33.63999938964844,34.09000015258789,2769900
2024-11-27,35.0,35.06999969482422,33.66999816894531,34.650001525878906,1681600
2024-11-29,34.79999923706055,35.779998779296875,34.709999084472656,35.189998626708984,1262200
2024-12-02,35.09000015258789,35.20000076293945,33.75,34.65999984741211,2210700
2024-12-03,33.38999938964844,35.47999954223633,33.15999984741211,35.02000045776367,2477100
2024-12-04,33.880001068115234,34.33000183105469,33.29999923706055,33.369998931884766,1763400
2024-12-05,33.650001525878906,34.63999938964844,33.599998474121094,33.65999984741211,1357100
2024-12-06,33.93000030517578,34.749000549316406,33.630001068115234,33.81999969482422,1319800
2024-12-09,32.84000015258789,34.099998474121094,32.720001220703125,33.709999084472656,2180900
2024-12-10,31.670000076293945,33.5,31.530000686645508,32.939998626708984,2640900
2024-12-11,31.649999618530273,32.380001068115234,31.06999969482422,32.0099983215332,1820800
2024-12-12,30.690000534057617,32.290000915527344,30.459999084472656,31.799999237060547,1680000
2024-12-13,32.02000045776367,32.189998626708984,30.40999984741211,30.700000762939453,2117000
2024-12-16,34.400001525878906,35.0099983215332,32.04999923706055,32.209999084472656,3459500
2024-12-17,33.56999969482422,35.029998779296875,33.321998596191406,34.29999923706055,2865200
2024-12-18,31.065000534057617,33.900001525878906,30.40999984741211,33.45000076293945,2476100
2024-12-19,30.950000762939453,31.600000381469727,30.434999465942383,31.389999389648438,1984100
2024-12-20,32.20000076293945,32.625,30.5,30.600000381469727,2793500
2024-12-23,32.2599983215332,32.779998779296875,31.65999984741211,32.2400016784668,1295100
2024-12-24,32.15999984741211,32.5099983215332,31.860000610351562,32.5099983215332,496500
2024-12-26,33.5,33.54999923706055,31.5,32.0,1264300
2024-12-27,32.529998779296875,33.439998626708984,32.060001373291016,33.2599983215332,1557700
2024-12-30,31.44499969482422,32.29999923706055,31.219999313354492,32.29999923706055,1562800
2024-12-31,30.100000381469727,32.099998474121094,29.899999618530273,31.770000457763672,2059800
2025-01-02,31.059999465942383,31.399999618530273,29.989999771118164,30.530000686645508,2018900
2025-01-03,30.049999237060547,31.389999389648438,29.65999984741211,31.280000686645508,2468500
2025-01-06,28.0,30.100000381469727,27.81999969482422,30.0,4062700
2025-01-07,28.0,29.020000457763672,27.559999465942383,27.875,2931800
2025-01-08,28.770000457763672,28.8799991607666,27.549999237060547,27.808000564575195,2749800
2025-01-10,28.8799991607666,28.959999084472656,27.709999084472656,27.979999542236328,2856300
2025-01-13,27.670000076293945,28.459999084472656,27.239999771118164,28.3700008392334,3862500
2025-01-14,29.739999771118164,30.684999465942383,28.402999877929688,29.549999237060547,5637700
2025-01-15,30.18000030517578,31.020000457763672,29.479999542236328,30.667999267578125,2985500
2025-01-16,29.139999389648438,30.479999542236328,29.040000915527344,30.469999313354492,1716300
2025-01-17,29.549999237060547,29.68000030517578,28.6200008392334,29.670000076293945,2127900
2025-01-21,29.860000610351562,30.329999923706055,29.510000228881836,29.899999618530273,2102100
2025-01-22,29.139999389648438,29.899999618530273,28.834999084472656,29.809999465942383,2084400
2025-01-23,29.040000915527344,29.43000030517578,28.520000457763672,29.0,1793100
2025-01-24,31.260000228881836,31.270000457763672,28.440000534057617,28.90999984741211,2424500
2025-01-27,31.920000076293945,33.099998474121094,30.549999237060547,30.719999313354492,2096900
2025-01-28,33.45000076293945,33.470001220703125,31.850000381469727,32.290000915527344,3443500
2025-01-29,33.369998931884766,34.040000915527344,33.04999923706055,33.31999969482422,2093300
2025-01-30,33.36000061035156,34.58000183105469,33.189998626708984,33.630001068115234,2034000
2025-01-31,31.700000762939453,33.7400016784668,31.610000610351562,33.33000183105469,2029300
2025-02-03,31.479999542236328,32.31999969482422,30.59000015258789,30.780000686645508,1518900
2025-02-04,32.90999984741211,33.04999923706055,31.329999923706055,31.5,1627000
2025-02-05,33.16999816894531,33.880001068115234,32.875,33.029998779296875,1580400
2025-02-06,33.5,33.834999084472656,32.61000061035156,33.0,1473300
2025-02-07,33.09000015258789,34.20000076293945,32.70500183105469,33.65999984741211,1395900
2025-02-10,32.25,33.77000045776367,32.0099983215332,33.45000076293945,1489000
2025-02-11,31.110000610351562,32.04600143432617,30.8799991607666,31.850000381469727,1250100
2025-02-12,30.899999618530273,31.049999237060547,30.309999465942383,30.510000228881836,1461200
2025-02-13,30.729999542236328,31.18000030517578,30.010000228881836,31.139999389648438,1271100
2025-02-14,30.709999084472656,31.0,30.3700008392334,30.649999618530273,1179800
2025-02-18,31.15999984741211,31.566999435424805,29.729999542236328,30.829999923706055,1824400
2025-02-19,31.010000228881836,31.190000534057617,30.200000762939453,30.65999984741211,1359900
2025-02-20,30.940000534057617,31.290000915527344,30.208999633789062,30.700000762939453,1077600
2025-02-21,30.8799991607666,31.496000289916992,30.3700008392334,31.260000228881836,1660500
2025-02-24,29.020000457763672,31.285999298095703,28.950000762939453,30.760000228881836,2954400
2025-02-25,29.209999084472656,29.735000610351562,28.389999389648438,28.889999389648438,2085800
2025-02-26,29.34000015258789,29.954999923706055,29.0,29.280000686645508,1299600
2025-02-27,28.530000686645508,29.770000457763672,28.40999984741211,29.25,1700800
2025-02-28,30.09000015258789,30.3700008392334,28.170000076293945,28.299999237060547,2420300
2025-03-03,34.41999816894531,36.400001525878906,30.280000686645508,30.329999923706055,13500000
2025-03-04,35.619998931884766,36.939998626708984,34.150001525878906,34.41999816894531,4500900
2025-03-05,35.11000061035156,36.0,34.540000915527344,36.0,2407000
2025-03-06,35.189998626708984,37.58000183105469,34.529998779296875,34.59000015258789,3971700
2025-03-07,38.439998626708984,38.58000183105469,34.34000015258789,35.0,4140700
2025-03-10,39.22999954223633,40.310001373291016,37.65999984741211,37.65999984741211,4889500
2025-03-11,37.54999923706055,40.0,37.209999084472656,39.09000015258789,3805600
2025-03-12,37.22999954223633,38.70000076293945,36.81999969482422,38.150001525878906,2529700
2025-03-13,37.060001373291016,38.689998626708984,37.0,37.040000915527344,4834400
2025-03-14,40.84000015258789,41.849998474121094,37.44200134277344,37.5,4816700
2025-03-17,41.060001373291016,41.58000183105469,39.91999816894531,40.70000076293945,2392900
2025-03-18,39.880001068115234,40.70000076293945,38.75,40.380001068115234,1815000
2025-03-19,42.470001220703125,42.54999923706055,39.619998931884766,40.0,2260100
2025-03-20,41.88999938964844,43.029998779296875,41.43000030517578,42.279998779296875,2206500
2025-03-21,42.9900016784668,43.150001525878906,41.189998626708984,41.619998931884766,4651300
2025-03-24,42.61000061035156,43.31999969482422,42.15999984741211,42.9900016784668,2055900
2025-03-25,42.79999923706055,42.83000183105469,41.974998474121094,42.470001220703125,1628800
2025-03-26,40.790000915527344,42.91999816894531,40.310001373291016,42.91999816894531,2324600
2025-03-27,40.20000076293945,41.047000885009766,39.79999923706055,40.790000915527344,1308200
2025-03-28,39.86000061035156,40.560001373291016,38.779998779296875,40.20000076293945,1643400
2025-03-31,39.43000030517578,39.61000061035156,36.40999984741211,38.31999969482422,3781500
2025-04-01,37.75,39.459999084472656,37.59000015258789,39.34000015258789,1941900
2025-04-02,39.81999969482422,42.040000915527344,37.04800033569336,37.25,4493300
2025-04-03,39.34000015258789,40.029998779296875,38.0,38.13999938964844,2458600
2025-04-04,37.349998474121094,38.83000183105469,36.54499816894531,37.939998626708984,3143300
2025-04-07,37.25,38.61000061035156,33.70000076293945,35.0,4022700
2025-04-08,35.529998779296875,38.869998931884766,34.8650016784668,38.439998626708984,3140800
2025-04-09,35.849998474121094,37.16999816894531,31.0049991607666,34.59000015258789,6401900
2025-04-10,35.97999954223633,37.22999954223633,33.869998931884766,35.345001220703125,3354600
2025-04-11,36.709999084472656,36.78499984741211,35.290000915527344,36.36000061035156,2053900
2025-04-14,38.40999984741211,38.88999938964844,36.790000915527344,37.369998931884766,4573200
2025-04-15,39.029998779296875,39.18000030517578,37.68000030517578,38.25,1601300
2025-04-16,38.209999084472656,38.91999816894531,37.31999969482422,38.790000915527344,3031500
2025-04-17,38.31999969482422,38.91999816894531,37.59000015258789,37.900001525878906,1075700
2025-04-21,36.970001220703125,40.189998626708984,36.36000061035156,37.970001220703125,3366500
2025-04-22,37.9900016784668,38.58000183105469,37.47999954223633,37.619998931884766,1303000
2025-04-23,39.4900016784668,40.349998474121094,38.470001220703125,38.75,1821500
2025-04-24,40.29999923706055,41.08000183105469,39.40999984741211,39.5,2362000
2025-04-25,41.33000183105469,41.369998931884766,39.5099983215332,40.040000915527344,1464400
2025-04-28,42.029998779296875,42.45899963378906,40.95000076293945,41.81999969482422,1785000
2025-04-29,43.86000061035156,43.97999954223633,41.63999938964844,42.18000030517578,2694100
2025-04-30,45.5099983215332,45.83000183105469,42.7599983215332,42.869998931884766,3272000
2025-05-01,45.369998931884766,46.47999954223633,44.04999923706055,45.48500061035156,2545500
2025-05-02,43.439998626708984,45.970001220703125,42.959999084472656,45.369998931884766,4166900
2025-05-05,37.68000030517578,40.47999954223633,35.619998931884766,39.755001068115234,12201000
2025-05-06,34.86000061035156,37.27000045776367,34.029998779296875,37.27000045776367,5427100
2025-05-07,34.849998474121094,35.472999572753906,34.220001220703125,34.939998626708984,3583700
2025-05-08,33.86000061035156,35.13999938964844,33.150001525878906,34.18000030517578,3626200
2025-05-09,33.63999938964844,34.72999954223633,33.45000076293945,33.79999923706055,2237200
2025-05-12,34.9900016784668,35.29999923706055,33.349998474121094,33.459999084472656,2839500
2025-05-13,33.369998931884766,35.10499954223633,32.68000030517578,35.0,4154600
2025-05-14,33.400001525878906,33.880001068115234,33.02000045776367,33.619998931884766,1769900
2025-05-15,33.59000015258789,33.88999938964844,33.11000061035156,33.5,1420000
2025-05-16,34.36000061035156,34.5,33.54999923706055,33.650001525878906,1935400
2025-05-19,34.97999954223633,35.0,33.63999938964844,34.0,1546100
2025-05-20,35.470001220703125,35.619998931884766,34.731998443603516,35.279998779296875,1493500
2025-05-21,34.20000076293945,35.18000030517578,33.66999816894531,35.15999984741211,1942800
2025-05-22,34.2400016784668,34.65999984741211,33.77000045776367,34.189998626708984,1458000
2025-05-23,34.56999969482422,34.63999938964844,33.560001373291016,33.75,1042800
2025-05-27,35.2400016784668,35.310001373291016,34.34000015258789,35.040000915527344,1287200
2025-05-28,35.13999938964844,35.790000915527344,34.79999923706055,35.220001220703125,1285000
2025-05-29,35.709999084472656,36.060001373291016,34.82699966430664,35.470001220703125,1404100
2025-05-30,35.11000061035156,35.599998474121094,34.40999984741211,35.560001373291016,1826500
2025-06-02,35.75,35.9900016784668,34.31999969482422,35.04999923706055,1520100
2025-06-03,36.40999984741211,37.04999923706055,35.29999923706055,35.5,1533800
2025-06-04,37.03499984741211,37.22999954223633,36.17499923706055,37.0,1210300
2025-06-05,39.29999923706055,40.09000015258789,36.33300018310547,37.0099983215332,2944100
2025-06-06,40.060001373291016,40.540000915527344,39.40999984741211,39.810001373291016,2135500
2025-06-09,39.84000015258789,40.9900016784668,39.38999938964844,40.61000061035156,1567500
2025-06-10,39.43000030517578,40.400001525878906,39.14099884033203,39.810001373291016,1530400
2025-06-11,38.31999969482422,39.75,38.11000061035156,39.45000076293945,1784400
2025-06-12,37.369998931884766,38.8849983215332,37.11000061035156,37.68000030517578,2789900
2025-06-13,36.0099983215332,37.189998626708984,35.880001068115234,36.54999923706055,1671000
2025-06-16,35.630001068115234,36.75,35.43000030517578,36.47999954223633,1298500
2025-06-17,35.0,35.52000045776367,34.55099868774414,35.060001373291016,1703400
2025-06-18,35.165000915527344,35.709999084472656,34.029998779296875,35.52000045776367,1771800
2025-06-20,36.02000045776367,36.30799865722656,35.20000076293945,35.52000045776367,2607200
2025-06-23,36.560001373291016,36.58000183105469,35.18199920654297,36.20000076293945,1583200
2025-06-24,37.29999923706055,37.58000183105469,36.310001373291016,37.0,1678600
2025-06-25,37.2599983215332,37.4900016784668,36.369998931884766,37.400001525878906,1069400
2025-06-26,37.95000076293945,37.97999954223633,36.86000061035156,37.36000061035156,1006400
2025-06-27,36.720001220703125,38.08300018310547,36.5,37.95000076293945,2469300
2025-06-30,35.9900016784668,37.220001220703125,35.7400016784668,36.849998474121094,1547600
2025-07-01,35.400001525878906,36.90999984741211,35.099998474121094,35.76499938964844,1528200
2025-07-02,36.290000915527344,36.349998474121094,35.029998779296875,35.27000045776367,1386500
2025-07-03,36.720001220703125,36.959999084472656,36.06999969482422,36.36000061035156,681300
2025-07-07,35.97999954223633,36.91400146484375,35.52000045776367,36.599998474121094,1254600
2025-07-08,35.61000061035156,36.474998474121094,34.36000061035156,36.09000015258789,2304900
2025-07-09,37.91999816894531,37.939998626708984,35.435001373291016,35.9900016784668,1863200
2025-07-10,37.66999816894531,38.38999938964844,37.380001068115234,37.56999969482422,1336500
2025-07-11,37.084999084472656,37.70000076293945,37.06999969482422,37.45000076293945,958200
2025-07-14,38.91999816894531,38.98500061035156,36.5,36.82400131225586,1632400
2025-07-15,37.959999084472656,39.099998474121094,37.84199905395508,38.9900016784668,1508200
2025-07-16,38.84000015258789,39.63999938964844,38.23500061035156,38.290000915527344,1864600
2025-07-17,39.189998626708984,39.72999954223633,38.5,38.77000045776367,1310900
2025-07-18,37.90999984741211,39.540000915527344,37.6619987487793,39.43000030517578,1794100
2025-07-21,37.41999816894531,38.150001525878906,37.15999984741211,37.970001220703125,1121100
2025-07-22,37.369998931884766,37.81999969482422,36.90999984741211,37.459999084472656,1367000
2025-07-23,37.599998474121094,38.540000915527344,37.02000045776367,37.72999954223633,1672900
2025-07-24,36.529998779296875,37.93000030517578,36.290000915527344,37.7400016784668,1638200
2025-07-25,36.900001525878906,36.939998626708984,35.85499954223633,36.459999084472656,1532400
2025-07-28,35.9900016784668,37.61000061035156,35.619998931884766,37.08000183105469,1751300
2025-07-29,35.33000183105469,36.5,35.20000076293945,36.22999954223633,1389400
2025-07-30,36.27000045776367,36.97999954223633,35.599998474121094,35.720001220703125,2140900
2025-07-31,35.5,36.58700180053711,35.400001525878906,36.18000030517578,1815800
2025-08-01,35.02000045776367,35.75,34.029998779296875,34.88800048828125,2322300
2025-08-04,28.719999313354492,32.20000076293945,28.280000686645508,32.13999938964844,11444600
2025-08-05,28.399999618530273,29.149999618530273,27.3799991607666,29.100000381469727,5076000
2025-08-06,27.700000762939453,28.30900001525879,27.25,28.18000030517578,2791300
2025-08-07,27.889999389648438,28.8799991607666,27.329999923706055,27.719999313354492,2482300
2025-08-08,26.709999084472656,27.950000762939453,26.520000457763672,27.5,4799800
2025-08-11,26.389999389648438,27.3700008392334,25.280000686645508,26.139999389648438,4562100
2025-08-12,27.1200008392334,27.1200008392334,26.049999237060547,26.440000534057617,2294800
2025-08-13,27.8700008392334,28.011999130249023,27.219999313354492,27.540000915527344,2696000
2025-08-14,27.770000457763672,27.989999771118164,27.44499969482422,27.459999084472656,1668500
2025-08-15,28.079999923706055,28.350000381469727,27.639999389648438,27.799999237060547,1811700
2025-08-18,27.729999542236328,28.850000381469727,27.700000762939453,28.299999237060547,2357500
2025-08-19,27.920000076293945,27.950000762939453,27.225000381469727,27.649999618530273,1676100
2025-08-20,28.309999465942383,28.329999923706055,27.690000534057617,27.8799991607666,1489800
2025-08-21,28.770000457763672,28.8799991607666,27.90999984741211,28.18000030517578,1610100
2025-08-22,29.44499969482422,29.485000610351562,28.5,28.739999771118164,2187500
2025-08-25,28.530000686645508,29.799999237060547,28.5,29.489999771118164,1495400
2025-08-26,28.280000686645508,28.6299991607666,28.190000534057617,28.540000915527344,1551900
2025-08-27,28.56999969482422,29.170000076293945,28.190000534057617,28.190000534057617,2625400
2025-08-28,28.959999084472656,29.0,28.270999908447266,28.579999923706055,1835100
2025-08-29,29.329999923706055,29.469999313354492,28.604999542236328,29.020000457763672,1819100
2025-09-02,29.729999542236328,30.25,29.040000915527344,29.3700008392334,2023300
2025-09-03,31.709999084472656,33.400001525878906,30.399999618530273,30.829999923706055,4391100
2025-09-04,31.889999389648438,32.08000183105469,30.850000381469727,31.600000381469727,2312300
2025-09-05,32.209999084472656,32.45000076293945,31.149999618530273,31.920000076293945,2234600
2025-09-08,32.380001068115234,32.56999969482422,31.049999237060547,32.375,2532800
2025-09-09,32.0,32.2869987487793,31.479999542236328,32.119998931884766,1621000
2025-09-10,31.825000762939453,32.22999954223633,31.34000015258789,32.06999969482422,1894000
2025-09-11,32.459999084472656,32.470001220703125,31.850000381469727,31.979999542236328,1610600
2025-09-12,32.15999984741211,32.560001373291016,31.583999633789062,32.290000915527344,2386200
2025-09-15,31.75,32.025001525878906,31.3799991607666,31.75,1906600
2025-09-16,31.989999771118164,32.20000076293945,31.290000915527344,31.809999465942383,1885500
2025-09-17,32.040000915527344,33.33000183105469,31.889999389648438,32.15999984741211,2126700
2025-09-18,32.61000061035156,32.67599868774414,31.850000381469727,32.060001373291016,1684300
2025-09-19,32.369998931884766,33.0,32.334999084472656,32.79999923706055,3197000
2025-09-22,34.970001220703125,35.06999969482422,32.290000915527344,32.5,3447500
2025-09-23,35.56999969482422,36.08599853515625,34.77000045776367,34.970001220703125,2340000
2025-09-24,35.40999984741211,36.369998931884766,35.244998931884766,35.599998474121094,1616900
2025-09-25,34.63999938964844,35.34000015258789,34.56999969482422,35.02000045776367,1355700
2025-09-26,35.5,35.529998779296875,34.52000045776367,34.79999923706055,1496000
2025-09-29,36.83000183105469,37.150001525878906,35.40999984741211,35.540000915527344,2009100
2025-09-30,36.125,37.11000061035156,35.95000076293945,36.939998626708984,1444900
2025-10-01,36.560001373291016,37.54999923706055,35.970001220703125,36.119998931884766,1926800
2025-10-02,36.65999984741211,36.91999816894531,36.029998779296875,36.63999938964844,1387100
2025-10-03,36.70500183105469,37.29999923706055,36.36000061035156,36.619998931884766,1349400
2025-10-06,36.7599983215332,37.45000076293945,36.625,37.04999923706055,1441400
2025-10-07,36.5,37.13999938964844,36.43000030517578,36.7599983215332,1555900
2025-10-08,35.75,36.89099884033203,35.08000183105469,36.75,1592300
2025-10-09,34.970001220703125,35.93000030517578,34.70000076293945,35.79999923706055,1626400
2025-10-10,33.7599983215332,35.005001068115234,33.099998474121094,34.86000061035156,2099100
2025-10-13,34.220001220703125,34.415000915527344,33.5,33.7400016784668,1241000
2025-10-14,34.13999938964844,34.779998779296875,33.59000015258789,33.86000061035156,1297800
2025-10-15,35.04999923706055,35.29999923706055,33.97999954223633,34.130001068115234,1613300
2025-10-16,34.869998931884766,35.641998291015625,34.20000076293945,34.86000061035156,1901300
2025-10-17,34.66999816894531,35.5099983215332,34.02000045776367,34.529998779296875,1444600
2025-10-20,35.119998931884766,35.30500030517578,34.0099983215332,34.849998474121094,1429700
2025-10-21,35.220001220703125,35.52000045776367,34.814998626708984,35.099998474121094,1153300
2025-10-22,34.59000015258789,35.43000030517578,34.119998931884766,35.220001220703125,1037800
2025-10-23,33.4900016784668,34.810001373291016,32.92499923706055,34.599998474121094,1967600
2025-10-24,33.334999084472656,33.65999984741211,32.80799865722656,33.59000015258789,1171200
2025-10-27,33.689998626708984,34.2400016784668,33.165000915527344,33.4900016784668,1541800
2025-10-28,34.54999923706055,34.58000183105469,33.220001220703125,33.790000915527344,1658800
2025-10-29,33.779998779296875,35.32500076293945,33.68000030517578,34.380001068115234,2001000
2025-10-30,34.02000045776367,34.78499984741211,33.599998474121094,33.84000015258789,1526000
2025-10-31,34.779998779296875,36.650001525878906,33.810001373291016,34.0099983215332,3259700
2025-11-03,33.689998626708984,36.5,31.06999969482422,36.29999923706055,5574800
2025-11-04,33.810001373291016,34.32500076293945,32.77199935913086,33.06999969482422,2502300
2025-11-05,34.040000915527344,34.73500061035156,33.36000061035156,33.47999954223633,1901100
2025-11-06,33.2599983215332,34.119998931884766,32.81999969482422,33.93000030517578,1496700
2025-11-07,32.2400016784668,33.505001068115234,31.985000610351562,33.41999816894531,1762000
2025-11-10,30.299999237060547,32.38999938964844,29.799999237060547,32.29999923706055,4126100
2025-11-11,31.110000610351562,31.110000610351562,29.90999984741211,30.049999237060547,2044000
2025-11-12,31.010000228881836,31.510000228881836,30.559999465942383,31.0,2122100
2025-11-13,30.959999084472656,31.780000686645508,30.760000228881836,30.809999465942383,1639900
2025-11-14,31.0,31.5,30.649999618530273,30.979999542236328,1329700
2025-11-17,30.690000534057617,31.420000076293945,30.309999465942383,31.020000457763672,1664200
2025-11-18,31.209999084472656,31.450000762939453,30.238000869750977,30.520000457763672,1538400
2025-11-19,30.329999923706055,31.399999618530273,30.229999542236328,31.25,1903100
2025-11-20,30.450000762939453,30.954999923706055,30.149999618530273,30.700000762939453,2278200
2025-11-21,31.950000762939453,32.11000061035156,30.31999969482422,30.399999618530273,2685600
2025-11-24,32.029998779296875,33.04999923706055,31.93000030517578,32.25,2740800
2025-11-25,32.97999954223633,33.04999923706055,32.279998779296875,32.4900016784668,1818300
2025-11-26,33.40999984741211,33.78499984741211,32.5,32.869998931884766,1607700
2025-11-28,33.2599983215332,33.61000061035156,32.90999984741211,33.61000061035156,798600
2025-12-01,31.670000076293945,32.79999923706055,31.610000610351562,32.72999954223633,1583700
2025-12-02,30.6299991607666,31.68000030517578,30.53499984741211,31.530000686645508,1886600
2025-12-03,31.610000610351562,31.790000915527344,30.579999923706055,30.610000610351562,1535900
2025-12-04,31.3799991607666,32.2599983215332,31.350000381469727,31.540000915527344,1220500
2025-12-05,30.760000228881836,31.579999923706055,30.729999542236328,31.40999984741211,1132900
2025-12-08,30.829999923706055,31.274999618530273,30.440000534057617,30.8700008392334,1488000
2025-12-09,30.43000030517578,31.209999084472656,30.34000015258789,30.719999313354492,983400
2025-12-10,30.600000381469727,30.760000228881836,29.5,30.3799991607666,1723300
2025-12-11,32.0,32.0,30.40999984741211,30.770000457763672,1734000
2025-12-12,31.350000381469727,32.301998138427734,31.139999389648438,32.15999984741211,1164800
2025-12-15,31.40999984741211,31.850000381469727,31.0,31.3799991607666,1434600
2025-12-16,30.790000915527344,31.59000015258789,30.399999618530273,31.40999984741211,1352700
2025-12-17,31.1299991607666,31.44499969482422,30.5,30.559999465942383,1188700
2025-12-18,29.93000030517578,31.440000534057617,29.920000076293945,31.270000457763672,1392500
2025-12-19,30.979999542236328,31.260000228881836,29.790000915527344,29.959999084472656,2730200
2025-12-22,31.1200008392334,31.349000930786133,30.760000228881836,30.899999618530273,1652300
2025-12-23,30.729999542236328,31.3700008392334,30.700000762939453,31.209999084472656,1331600
2025-12-24,31.06999969482422,31.110000610351562,30.540000915527344,30.68000030517578,854100
2025-12-26,30.770000457763672,31.059999465942383,30.540000915527344,31.059999465942383,795400
2025-12-29,30.530000686645508,30.878999710083008,30.42799949645996,30.770000457763672,1210100
2025-12-30,29.75,30.559999465942383,29.684999465942383,30.440000534057617,1591200
2025-12-31,29.809999465942383,30.149999618530273,29.510000228881836,29.700000762939453,1442300
2026-01-02,29.280000686645508,29.950000762939453,28.815000534057617,29.559999465942383,2107600
2026-01-05,29.899999618530273,29.920000076293945,28.979999542236328,28.979999542236328,1602200
2026-01-06,29.40999984741211,29.905000686645508,28.899999618530273,29.760000228881836,2858000
2026-01-07,30.34000015258789,30.625,29.40999984741211,29.84000015258789,2174600
2026-01-08,30.5,30.639999389648438,29.56999969482422,30.100000381469727,2313400
2026-01-09,28.469999313354492,30.899999618530273,28.209999084472656,30.700000762939453,3255200
2026-01-12,27.719999313354492,28.434999465942383,27.350000381469727,28.309999465942383,2833600
2026-01-13,27.8700008392334,28.90999984741211,26.889999389648438,27.649999618530273,3398700
2026-01-14,29.540000915527344,33.2400016784668,28.450000762939453,31.15999984741211,8728200
2026-01-15,30.709999084472656,32.029998779296875,29.09000015258789,29.540000915527344,3974800
2026-01-16,30.56999969482422,31.25,30.299999237060547,30.989999771118164,2499000
2026-01-20,30.940000534057617,31.020000457763672,29.799999237060547,30.010000228881836,2362600
2026-01-21,31.56999969482422,31.639999389648438,30.350000381469727,30.829999923706055,1589200
2026-01-22,31.6299991607666,31.969999313354492,31.1299991607666,31.600000381469727,1609900
2026-01-23,31.200000762939453,32.54999923706055,31.190000534057617,31.799999237060547,1857200
2026-01-26,30.68000030517578,31.329999923706055,30.6200008392334,31.100000381469727,1149700
2026-01-27,30.799999237060547,31.110000610351562,30.5,30.600000381469727,1127400
2026-01-28,30.309999465942383,31.0,30.270000457763672,30.81999969482422,1138400
2026-01-29,30.0,30.729999542236328,29.90999984741211,30.149999618530273,1522300
2026-01-30,29.43000030517578,30.329999923706055,29.25,30.049999237060547,1814200
2026-02-02,29.18000030517578,29.459999084472656,28.60099983215332,29.200000762939453,1933500
2026-02-03,29.729999542236328,29.979999542236328,28.90999984741211,29.110000610351562,1531000
2026-02-04,29.1200008392334,29.979999542236328,28.700000762939453,29.979999542236328,1463800
2026-02-05,27.760000228881836,29.600000381469727,27.604999542236328,29.149999618530273,2570800
2026-02-06,28.860000610351562,28.950000762939453,27.829999923706055,28.25,1622200
2026-02-09,29.579999923706055,29.920000076293945,28.3799991607666,28.770000457763672,1753700
2026-02-10,29.139999389648438,30.0,29.06999969482422,29.780000686645508,1349400
2026-02-11,28.81999969482422,29.18000030517578,28.076000213623047,29.059999465942383,1013100
2026-02-12,28.420000076293945,28.760000228881836,27.93000030517578,28.729999542236328,1316200
2026-02-13,28.5,29.299999237060547,28.280000686645508,28.649999618530273,1077300
2026-02-17,29.059999465942383,29.40999984741211,28.375,28.43000030517578,944100
2026-02-18,29.229999542236328,29.239999771118164,28.579999923706055,28.889999389648438,850400
2026-02-19,29.459999084472656,29.489999771118164,28.829999923706055,29.059999465942383,988600
2026-02-20,29.530000686645508,29.549999237060547,28.690000534057617,29.329999923706055,1298500
2026-02-23,30.56999969482422,30.950000762939453,29.28499984741211,29.53499984741211,2362600
2026-02-24,30.510000228881836,31.079999923706055,30.149999618530273,30.559999465942383,1260000
2026-02-25,29.65999984741211,30.719999313354492,29.639999389648438,30.290000915527344,2385100
2026-02-26,30.899999618530273,31.343000411987305,28.030000686645508,28.389999389648438,3894000
2026-02-27,30.09000015258789,31.09000015258789,29.864999771118164,30.549999237060547,1961400
2026-03-02,29.399999618530273,29.989999771118164,29.09000015258789,29.389999389648438,1559800
2026-03-03,28.8799991607666,29.469999313354492,28.350000381469727,28.90999984741211,1974200
2026-03-04,29.190000534057617,29.53499984741211,28.200000762939453,29.030000686645508,1551600
2026-03-05,28.7450008392334,29.06999969482422,28.25,28.75,543848
