Date,Close,High,Low,Open,Volume
2012-05-04,119.5999984741211,119.5999984741211,53.040000915527344,53.040000915527344,6
2012-05-07,119.5999984741211,119.5999984741211,119.5999984741211,119.5999984741211,0
2012-05-08,104.0,104.0,53.040000915527344,53.040000915527344,6
2012-05-09,104.0,104.0,104.0,104.0,0
2012-05-10,104.0,104.0,104.0,104.0,0
2012-05-11,105.04000091552734,105.04000091552734,102.95999908447266,102.95999908447266,10
2012-05-14,107.12000274658203,107.12000274658203,105.04000091552734,105.04000091552734,317
2012-05-15,105.04000091552734,105.04000091552734,62.400001525878906,64.4800033569336,40
2012-05-16,105.04000091552734,105.04000091552734,105.04000091552734,105.04000091552734,0
2012-05-17,97.76000213623047,97.76000213623047,97.76000213623047,97.76000213623047,5
2012-05-18,97.76000213623047,97.76000213623047,97.76000213623047,97.76000213623047,0
2012-05-21,97.76000213623047,97.76000213623047,97.76000213623047,97.76000213623047,0
2012-05-22,97.76000213623047,97.76000213623047,97.76000213623047,97.76000213623047,0
2012-05-23,97.76000213623047,97.76000213623047,97.76000213623047,97.76000213623047,0
2012-05-24,97.76000213623047,97.76000213623047,97.76000213623047,97.76000213623047,0
2012-05-25,97.76000213623047,97.76000213623047,97.76000213623047,97.76000213623047,0
2012-05-29,97.76000213623047,97.76000213623047,97.76000213623047,97.76000213623047,0
2012-05-30,97.76000213623047,97.76000213623047,97.76000213623047,97.76000213623047,0
2012-05-31,104.0,104.0,104.0,104.0,2
2012-06-01,78.0,78.0,52.0,52.0,1284
2012-06-04,104.0,104.0,68.63999938964844,68.63999938964844,27
2012-06-05,102.95999908447266,105.04000091552734,56.15999984741211,56.15999984741211,18
2012-06-06,102.95999908447266,102.95999908447266,102.95999908447266,102.95999908447266,0
2012-06-07,102.95999908447266,102.95999908447266,102.95999908447266,102.95999908447266,0
2012-06-08,102.95999908447266,102.95999908447266,102.95999908447266,102.95999908447266,0
2012-06-11,102.95999908447266,102.95999908447266,102.95999908447266,102.95999908447266,0
2012-06-12,102.95999908447266,102.95999908447266,102.95999908447266,102.95999908447266,0
2012-06-13,102.95999908447266,102.95999908447266,102.95999908447266,102.95999908447266,0
2012-06-14,102.95999908447266,102.95999908447266,102.95999908447266,102.95999908447266,0
2012-06-15,102.95999908447266,102.95999908447266,102.95999908447266,102.95999908447266,0
2012-06-18,102.95999908447266,102.95999908447266,102.95999908447266,102.95999908447266,0
2012-06-19,102.95999908447266,102.95999908447266,102.95999908447266,102.95999908447266,0
2012-06-20,102.95999908447266,102.95999908447266,102.95999908447266,102.95999908447266,0
2012-06-21,102.95999908447266,102.95999908447266,102.95999908447266,102.95999908447266,0
2012-06-22,102.95999908447266,102.95999908447266,102.95999908447266,102.95999908447266,0
2012-06-25,53.040000915527344,53.040000915527344,53.040000915527344,53.040000915527344,19
2012-06-26,93.5999984741211,93.5999984741211,93.5999984741211,93.5999984741211,1
2012-06-27,93.5999984741211,93.5999984741211,93.5999984741211,93.5999984741211,0
2012-06-28,93.5999984741211,93.5999984741211,93.5999984741211,93.5999984741211,0
2012-06-29,93.5999984741211,93.5999984741211,93.5999984741211,93.5999984741211,0
2012-07-02,93.5999984741211,93.5999984741211,93.5999984741211,93.5999984741211,0
2012-07-03,93.5999984741211,93.5999984741211,93.5999984741211,93.5999984741211,0
2012-07-05,93.5999984741211,93.5999984741211,93.5999984741211,93.5999984741211,0
2012-07-06,93.5999984741211,93.5999984741211,93.5999984741211,93.5999984741211,0
2012-07-09,93.5999984741211,93.5999984741211,93.5999984741211,93.5999984741211,0
2012-07-10,93.5999984741211,93.5999984741211,93.5999984741211,93.5999984741211,0
2012-07-11,93.5999984741211,93.5999984741211,93.5999984741211,93.5999984741211,0
2012-07-12,93.5999984741211,93.5999984741211,93.5999984741211,93.5999984741211,0
2012-07-13,93.5999984741211,93.5999984741211,93.5999984741211,93.5999984741211,0
2012-07-16,93.5999984741211,93.5999984741211,93.5999984741211,93.5999984741211,0
2012-07-17,105.04000091552734,105.04000091552734,105.04000091552734,105.04000091552734,2
2012-07-18,105.04000091552734,105.04000091552734,105.04000091552734,105.04000091552734,0
2012-07-19,105.04000091552734,105.04000091552734,105.04000091552734,105.04000091552734,0
2012-07-20,105.04000091552734,105.04000091552734,105.04000091552734,105.04000091552734,0
2012-07-23,105.04000091552734,105.04000091552734,105.04000091552734,105.04000091552734,0
2012-07-24,105.04000091552734,105.04000091552734,105.04000091552734,105.04000091552734,0
2012-07-25,105.04000091552734,105.04000091552734,105.04000091552734,105.04000091552734,0
2012-07-26,105.04000091552734,105.04000091552734,105.04000091552734,105.04000091552734,0
2012-07-27,105.04000091552734,105.04000091552734,105.04000091552734,105.04000091552734,0
2012-07-30,105.04000091552734,105.04000091552734,105.04000091552734,105.04000091552734,0
2012-07-31,105.04000091552734,105.04000091552734,105.04000091552734,105.04000091552734,0
2012-08-01,105.04000091552734,105.04000091552734,105.04000091552734,105.04000091552734,0
2012-08-02,105.04000091552734,105.04000091552734,105.04000091552734,105.04000091552734,0
2012-08-03,105.04000091552734,105.04000091552734,105.04000091552734,105.04000091552734,0
2012-08-06,105.04000091552734,105.04000091552734,105.04000091552734,105.04000091552734,0
2012-08-07,105.04000091552734,105.04000091552734,105.04000091552734,105.04000091552734,0
2012-08-08,105.04000091552734,105.04000091552734,105.04000091552734,105.04000091552734,0
2012-08-09,105.04000091552734,105.04000091552734,105.04000091552734,105.04000091552734,0
2012-08-10,105.04000091552734,105.04000091552734,105.04000091552734,105.04000091552734,0
2012-08-13,105.04000091552734,105.04000091552734,105.04000091552734,105.04000091552734,0
2012-08-14,105.04000091552734,105.04000091552734,105.04000091552734,105.04000091552734,0
2012-08-15,105.04000091552734,105.04000091552734,105.04000091552734,105.04000091552734,0
2012-08-16,105.04000091552734,105.04000091552734,105.04000091552734,105.04000091552734,0
2012-08-17,105.04000091552734,105.04000091552734,105.04000091552734,105.04000091552734,0
2012-08-20,105.04000091552734,105.04000091552734,105.04000091552734,105.04000091552734,0
2012-08-21,105.04000091552734,105.04000091552734,105.04000091552734,105.04000091552734,0
2012-08-22,105.04000091552734,105.04000091552734,105.04000091552734,105.04000091552734,0
2012-08-23,105.04000091552734,105.04000091552734,105.04000091552734,105.04000091552734,0
2012-08-24,105.04000091552734,105.04000091552734,105.04000091552734,105.04000091552734,0
2012-08-27,105.04000091552734,105.04000091552734,105.04000091552734,105.04000091552734,0
2012-08-28,105.04000091552734,105.04000091552734,105.04000091552734,105.04000091552734,0
2012-08-29,105.04000091552734,105.04000091552734,105.04000091552734,105.04000091552734,0
2012-08-30,105.04000091552734,105.04000091552734,105.04000091552734,105.04000091552734,0
2012-08-31,105.04000091552734,105.04000091552734,105.04000091552734,105.04000091552734,10
2012-09-04,105.04000091552734,105.04000091552734,105.04000091552734,105.04000091552734,0
2012-09-05,104.0,104.0,20.799999237060547,53.040000915527344,110
2012-09-06,104.0,104.0,41.599998474121094,41.599998474121094,18
2012-09-07,104.0,104.0,104.0,104.0,0
2012-09-10,30.15999984741211,30.15999984741211,30.15999984741211,30.15999984741211,1
2012-09-11,104.0,104.0,104.0,104.0,2
2012-09-12,104.0,104.0,104.0,104.0,0
2012-09-13,104.0,104.0,104.0,104.0,0
2012-09-14,104.0,104.0,104.0,104.0,0
2012-09-17,104.0,104.0,104.0,104.0,0
2012-09-18,104.0,104.0,104.0,104.0,0
2012-09-19,104.0,104.0,104.0,104.0,0
2012-09-20,104.0,104.0,104.0,104.0,0
2012-09-21,104.0,104.0,104.0,104.0,0
2012-09-24,104.0,104.0,104.0,104.0,0
2012-09-25,104.0,104.0,104.0,104.0,0
2012-09-26,104.0,104.0,104.0,104.0,0
2012-09-27,104.0,104.0,104.0,104.0,0
2012-09-28,104.0,104.0,104.0,104.0,0
2012-10-01,104.0,104.0,104.0,104.0,0
2012-10-02,104.0,104.0,104.0,104.0,0
2012-10-03,104.0,104.0,104.0,104.0,0
2012-10-04,104.0,104.0,104.0,104.0,0
2012-10-05,104.0,104.0,104.0,104.0,0
2012-10-08,104.0,104.0,104.0,104.0,0
2012-10-09,104.0,104.0,104.0,104.0,0
2012-10-10,104.0,104.0,104.0,104.0,0
2012-10-11,104.0,104.0,104.0,104.0,0
2012-10-12,104.0,104.0,104.0,104.0,0
2012-10-15,104.0,104.0,104.0,104.0,0
2012-10-16,104.0,104.0,104.0,104.0,0
2012-10-17,104.0,104.0,104.0,104.0,0
2012-10-18,104.0,104.0,104.0,104.0,0
2012-10-19,104.0,104.0,104.0,104.0,0
2012-10-22,104.0,104.0,104.0,104.0,0
2012-10-23,104.0,104.0,104.0,104.0,0
2012-10-24,104.0,104.0,104.0,104.0,0
2012-10-25,104.0,104.0,104.0,104.0,0
2012-10-26,104.0,104.0,104.0,104.0,0
2012-10-31,104.0,104.0,104.0,104.0,0
2012-11-01,104.0,104.0,104.0,104.0,0
2012-11-02,104.0,104.0,104.0,104.0,0
2012-11-05,104.0,104.0,104.0,104.0,0
2012-11-06,104.0,104.0,104.0,104.0,3
2012-11-07,104.0,104.0,104.0,104.0,0
2012-11-08,53.040000915527344,53.040000915527344,53.040000915527344,53.040000915527344,1
2012-11-09,53.040000915527344,104.0,53.040000915527344,104.0,6
2012-11-12,104.0,104.0,104.0,104.0,2
2012-11-13,104.0,104.0,104.0,104.0,0
2012-11-14,104.0,104.0,104.0,104.0,0
2012-11-15,104.0,104.0,104.0,104.0,0
2012-11-16,104.0,104.0,104.0,104.0,0
2012-11-19,104.0,104.0,104.0,104.0,0
2012-11-20,104.0,104.0,104.0,104.0,0
2012-11-21,104.0,104.0,104.0,104.0,0
2012-11-23,104.0,104.0,104.0,104.0,0
2012-11-26,104.0,104.0,104.0,104.0,0
2012-11-27,104.0,104.0,104.0,104.0,0
2012-11-28,104.0,104.0,104.0,104.0,0
2012-11-29,104.0,104.0,104.0,104.0,0
2012-11-30,104.0,104.0,104.0,104.0,0
2012-12-03,104.0,104.0,104.0,104.0,2
2012-12-04,104.0,104.0,104.0,104.0,0
2012-12-05,104.0,104.0,104.0,104.0,0
2012-12-06,104.0,104.0,104.0,104.0,0
2012-12-07,104.0,104.0,104.0,104.0,10
2012-12-10,104.0,104.0,104.0,104.0,0
2012-12-11,104.0,104.0,104.0,104.0,0
2012-12-12,104.0,104.0,104.0,104.0,0
2012-12-13,104.0,104.0,104.0,104.0,0
2012-12-14,104.0,104.0,104.0,104.0,0
2012-12-17,104.0,104.0,104.0,104.0,0
2012-12-18,53.040000915527344,53.040000915527344,53.040000915527344,53.040000915527344,1
2012-12-19,104.0,104.0,104.0,104.0,2
2012-12-20,104.0,104.0,104.0,104.0,0
2012-12-21,104.0,104.0,104.0,104.0,0
2012-12-24,104.0,104.0,104.0,104.0,1
2012-12-26,104.0,104.0,104.0,104.0,0
2012-12-27,104.0,104.0,104.0,104.0,0
2012-12-28,104.0,104.0,104.0,104.0,0
2012-12-31,104.0,104.0,53.040000915527344,53.040000915527344,45
2013-01-02,98.80000305175781,104.0,53.040000915527344,104.0,49
2013-01-03,76.95999908447266,76.95999908447266,76.95999908447266,76.95999908447266,1
2013-01-04,76.95999908447266,76.95999908447266,76.95999908447266,76.95999908447266,0
2013-01-07,76.95999908447266,76.95999908447266,76.95999908447266,76.95999908447266,0
2013-01-08,76.95999908447266,76.95999908447266,76.95999908447266,76.95999908447266,0
2013-01-09,76.95999908447266,76.95999908447266,76.95999908447266,76.95999908447266,0
2013-01-10,76.95999908447266,76.95999908447266,76.95999908447266,76.95999908447266,0
2013-01-11,104.0,104.0,53.040000915527344,53.040000915527344,484
2013-01-14,104.0,104.0,104.0,104.0,0
2013-01-15,104.0,104.0,104.0,104.0,0
2013-01-16,104.0,104.0,104.0,104.0,0
2013-01-17,104.0,104.0,104.0,104.0,0
2013-01-18,104.0,104.0,104.0,104.0,0
2013-01-22,72.80000305175781,72.80000305175781,72.80000305175781,72.80000305175781,301
2013-01-23,72.80000305175781,87.36000061035156,72.80000305175781,87.36000061035156,12
2013-01-24,72.80000305175781,72.80000305175781,72.80000305175781,72.80000305175781,0
2013-01-25,72.80000305175781,72.80000305175781,72.80000305175781,72.80000305175781,0
2013-01-28,72.80000305175781,72.80000305175781,72.80000305175781,72.80000305175781,0
2013-01-29,72.80000305175781,72.80000305175781,72.80000305175781,72.80000305175781,0
2013-01-30,97.76000213623047,97.76000213623047,57.20000076293945,57.20000076293945,60
2013-01-31,88.4000015258789,97.76000213623047,31.200000762939453,53.040000915527344,50
2013-02-01,88.4000015258789,88.4000015258789,88.4000015258789,88.4000015258789,0
2013-02-04,27.040000915527344,27.040000915527344,27.040000915527344,27.040000915527344,1
2013-02-05,78.0,78.0,78.0,78.0,2
2013-02-06,78.0,78.0,78.0,78.0,2
2013-02-07,78.0,78.0,78.0,78.0,9
2013-02-08,78.0,78.0,78.0,78.0,0
2013-02-11,78.0,78.0,78.0,78.0,0
2013-02-12,78.0,78.0,78.0,78.0,0
2013-02-13,78.0,78.0,78.0,78.0,0
2013-02-14,78.0,78.0,78.0,78.0,0
2013-02-15,78.0,78.0,78.0,78.0,0
2013-02-19,88.4000015258789,88.4000015258789,88.4000015258789,88.4000015258789,4
2013-02-20,88.4000015258789,88.4000015258789,88.4000015258789,88.4000015258789,0
2013-02-21,88.4000015258789,88.4000015258789,88.4000015258789,88.4000015258789,0
2013-02-22,88.4000015258789,88.4000015258789,88.4000015258789,88.4000015258789,0
2013-02-25,88.4000015258789,88.4000015258789,88.4000015258789,88.4000015258789,0
2013-02-26,88.4000015258789,88.4000015258789,88.4000015258789,88.4000015258789,0
2013-02-27,88.4000015258789,88.4000015258789,88.4000015258789,88.4000015258789,0
2013-02-28,88.4000015258789,88.4000015258789,88.4000015258789,88.4000015258789,0
2013-03-01,88.4000015258789,88.4000015258789,88.4000015258789,88.4000015258789,0
2013-03-04,52.0,52.0,52.0,52.0,2
2013-03-05,52.0,52.0,52.0,52.0,0
2013-03-06,52.0,52.0,52.0,52.0,0
2013-03-07,52.0,52.0,50.959999084472656,50.959999084472656,29
2013-03-08,52.0,52.0,52.0,52.0,0
2013-03-11,52.0,52.0,47.84000015258789,50.959999084472656,54
2013-03-12,52.0,52.0,52.0,52.0,0
2013-03-13,52.0,52.0,52.0,52.0,0
2013-03-14,50.959999084472656,50.959999084472656,41.599998474121094,41.599998474121094,889
2013-03-15,50.959999084472656,50.959999084472656,50.959999084472656,50.959999084472656,8
2013-03-18,41.599998474121094,41.599998474121094,41.599998474121094,41.599998474121094,9
2013-03-19,41.599998474121094,41.599998474121094,41.599998474121094,41.599998474121094,0
2013-03-20,31.200000762939453,31.200000762939453,31.200000762939453,31.200000762939453,666
2013-03-21,41.599998474121094,56.15999984741211,31.200000762939453,31.200000762939453,812
2013-03-22,41.599998474121094,46.79999923706055,38.47999954223633,38.47999954223633,460
2013-03-25,36.400001525878906,38.47999954223633,36.400001525878906,38.47999954223633,120
2013-03-26,40.560001373291016,41.599998474121094,38.47999954223633,39.52000045776367,377
2013-03-27,41.599998474121094,41.599998474121094,36.400001525878906,41.599998474121094,362
2013-03-28,41.599998474121094,41.599998474121094,39.52000045776367,40.560001373291016,853
2013-04-01,36.400001525878906,39.52000045776367,36.400001525878906,39.52000045776367,433
2013-04-02,40.560001373291016,41.599998474121094,37.439998626708984,41.599998474121094,157
2013-04-03,40.560001373291016,40.560001373291016,34.31999969482422,34.31999969482422,30
2013-04-04,41.599998474121094,41.599998474121094,31.200000762939453,34.31999969482422,199
2013-04-05,36.400001525878906,36.400001525878906,36.400001525878906,36.400001525878906,48
2013-04-08,36.400001525878906,36.400001525878906,36.400001525878906,36.400001525878906,29
2013-04-09,41.599998474121094,41.599998474121094,34.31999969482422,34.31999969482422,14
2013-04-10,41.599998474121094,41.599998474121094,41.599998474121094,41.599998474121094,0
2013-04-11,35.36000061035156,41.599998474121094,34.31999969482422,41.599998474121094,203
2013-04-12,39.52000045776367,39.52000045776367,33.279998779296875,38.47999954223633,97
2013-04-15,33.279998779296875,41.599998474121094,33.279998779296875,39.52000045776367,192
2013-04-16,40.560001373291016,41.599998474121094,39.52000045776367,41.599998474121094,656
2013-04-17,40.560001373291016,40.560001373291016,38.47999954223633,39.52000045776367,130
2013-04-18,35.36000061035156,35.36000061035156,35.36000061035156,35.36000061035156,38
2013-04-19,39.52000045776367,39.52000045776367,35.36000061035156,35.36000061035156,670
2013-04-22,39.52000045776367,39.52000045776367,39.52000045776367,39.52000045776367,0
2013-04-23,36.400001525878906,41.599998474121094,36.400001525878906,39.52000045776367,669
2013-04-24,38.47999954223633,41.599998474121094,34.31999969482422,41.599998474121094,1200
2013-04-25,39.52000045776367,39.52000045776367,36.400001525878906,39.52000045776367,256
2013-04-26,37.439998626708984,40.560001373291016,37.439998626708984,37.439998626708984,1297
2013-04-29,40.560001373291016,41.599998474121094,38.47999954223633,40.560001373291016,672
2013-04-30,41.599998474121094,44.720001220703125,37.439998626708984,42.63999938964844,4639
2013-05-01,41.599998474121094,46.79999923706055,40.560001373291016,41.599998474121094,10851
2013-05-02,48.880001068115234,50.959999084472656,42.63999938964844,42.63999938964844,17729
2013-05-03,45.7599983215332,52.0,45.7599983215332,52.0,6877
2013-05-06,47.84000015258789,48.880001068115234,43.68000030517578,45.7599983215332,32363
2013-05-07,46.79999923706055,48.880001068115234,45.7599983215332,48.880001068115234,6340
2013-05-08,47.84000015258789,50.959999084472656,46.79999923706055,47.84000015258789,8081
2013-05-09,46.79999923706055,47.84000015258789,43.68000030517578,47.84000015258789,5097
2013-05-10,46.79999923706055,47.84000015258789,45.7599983215332,46.79999923706055,1737
2013-05-13,47.84000015258789,47.84000015258789,46.79999923706055,46.79999923706055,1543
2013-05-14,46.79999923706055,52.0,46.79999923706055,47.84000015258789,1168
2013-05-15,46.79999923706055,50.959999084472656,46.79999923706055,48.880001068115234,1347
2013-05-16,43.68000030517578,46.79999923706055,43.68000030517578,46.79999923706055,942
2013-05-17,47.84000015258789,47.84000015258789,39.52000045776367,43.68000030517578,1711
2013-05-20,43.68000030517578,43.68000030517578,39.52000045776367,39.52000045776367,1641
2013-05-21,45.7599983215332,47.84000015258789,41.599998474121094,41.599998474121094,2471
2013-05-22,46.79999923706055,46.79999923706055,42.63999938964844,43.68000030517578,1745
2013-05-23,44.720001220703125,46.79999923706055,42.63999938964844,46.79999923706055,1954
2013-05-24,44.720001220703125,44.720001220703125,40.560001373291016,40.560001373291016,340
2013-05-28,43.68000030517578,46.79999923706055,41.599998474121094,45.7599983215332,1697
2013-05-29,42.63999938964844,43.68000030517578,42.63999938964844,43.68000030517578,1254
2013-05-30,42.63999938964844,45.7599983215332,42.63999938964844,42.63999938964844,856
2013-05-31,45.7599983215332,45.7599983215332,42.63999938964844,43.68000030517578,1254
2013-06-03,45.7599983215332,49.91999816894531,44.720001220703125,44.720001220703125,5185
2013-06-04,44.720001220703125,47.84000015258789,43.68000030517578,46.79999923706055,1505
2013-06-05,43.68000030517578,44.720001220703125,43.68000030517578,43.68000030517578,415
2013-06-06,43.68000030517578,44.720001220703125,43.68000030517578,44.720001220703125,1984
2013-06-07,43.68000030517578,45.7599983215332,43.68000030517578,43.68000030517578,651
2013-06-10,44.720001220703125,45.7599983215332,41.599998474121094,43.68000030517578,5205
2013-06-11,42.63999938964844,44.720001220703125,41.599998474121094,44.720001220703125,3673
2013-06-12,39.52000045776367,42.63999938964844,39.52000045776367,42.63999938964844,5216
2013-06-13,41.599998474121094,41.599998474121094,38.47999954223633,39.52000045776367,2300
2013-06-14,40.560001373291016,41.599998474121094,38.47999954223633,41.599998474121094,777
2013-06-17,40.560001373291016,40.560001373291016,39.52000045776367,40.560001373291016,712
2013-06-18,39.52000045776367,41.599998474121094,35.36000061035156,40.560001373291016,5814
2013-06-19,39.52000045776367,40.560001373291016,39.52000045776367,39.52000045776367,499
2013-06-20,39.52000045776367,41.599998474121094,37.439998626708984,40.560001373291016,1868
2013-06-21,41.599998474121094,41.599998474121094,37.439998626708984,38.47999954223633,2751
2013-06-24,37.439998626708984,40.560001373291016,36.400001525878906,40.560001373291016,1526
2013-06-25,36.400001525878906,39.52000045776367,36.400001525878906,38.47999954223633,612
2013-06-26,38.47999954223633,38.47999954223633,37.439998626708984,37.439998626708984,399
2013-06-27,36.400001525878906,37.439998626708984,36.400001525878906,37.439998626708984,583
2013-06-28,36.400001525878906,38.47999954223633,36.400001525878906,36.400001525878906,3327
2013-07-01,37.439998626708984,37.439998626708984,34.31999969482422,37.439998626708984,905
2013-07-02,36.400001525878906,38.47999954223633,36.400001525878906,36.400001525878906,589
2013-07-03,35.36000061035156,36.400001525878906,35.36000061035156,36.400001525878906,895
2013-07-05,35.36000061035156,36.400001525878906,35.36000061035156,35.36000061035156,2155
2013-07-08,36.400001525878906,36.400001525878906,33.279998779296875,35.36000061035156,4439
2013-07-09,41.599998474121094,41.599998474121094,35.36000061035156,35.36000061035156,5340
2013-07-10,40.560001373291016,44.720001220703125,36.400001525878906,44.720001220703125,1339
2013-07-11,41.599998474121094,41.599998474121094,36.400001525878906,38.47999954223633,2391
2013-07-12,39.52000045776367,40.560001373291016,38.47999954223633,38.47999954223633,1734
2013-07-15,40.560001373291016,40.560001373291016,36.400001525878906,40.560001373291016,2730
2013-07-16,41.599998474121094,42.63999938964844,40.560001373291016,40.560001373291016,7244
2013-07-17,46.79999923706055,48.880001068115234,41.599998474121094,41.599998474121094,32146
2013-07-18,44.720001220703125,52.0,44.720001220703125,49.91999816894531,17870
2013-07-19,47.84000015258789,47.84000015258789,42.63999938964844,45.7599983215332,9043
2013-07-22,51.20000076293945,51.20000076293945,48.0,48.0,5225
2013-07-23,53.439998626708984,53.599998474121094,50.79999923706055,51.20000076293945,12625
2013-07-24,58.400001525878906,63.52000045776367,54.0,54.47999954223633,37338
2013-07-25,54.79999923706055,61.599998474121094,54.79999923706055,61.20000076293945,9825
2013-07-26,56.0,57.599998474121094,54.79999923706055,56.400001525878906,10750
2013-07-29,55.20000076293945,57.599998474121094,51.279998779296875,57.599998474121094,15713
2013-07-30,56.0,56.0,52.79999923706055,54.400001525878906,4088
2013-07-31,53.599998474121094,58.0,53.599998474121094,56.15999984741211,3875
2013-08-01,51.20000076293945,55.91999816894531,50.08000183105469,52.400001525878906,6288
2013-08-02,53.20000076293945,53.599998474121094,48.959999084472656,49.040000915527344,5425
2013-08-05,52.0,53.599998474121094,52.0,53.20000076293945,5263
2013-08-06,49.599998474121094,51.20000076293945,48.79999923706055,51.20000076293945,9888
2013-08-07,51.599998474121094,51.599998474121094,48.79999923706055,48.959999084472656,4663
2013-08-08,52.400001525878906,55.20000076293945,51.20000076293945,52.0,2325
2013-08-09,51.20000076293945,52.400001525878906,49.119998931884766,52.400001525878906,7975
2013-08-12,51.91999816894531,51.91999816894531,50.79999923706055,50.79999923706055,500
2013-08-13,49.599998474121094,52.0,49.599998474121094,50.880001068115234,3413
2013-08-14,50.0,51.439998626708984,49.439998626708984,50.0,4975
2013-08-15,50.08000183105469,50.79999923706055,48.880001068115234,50.0,4000
2013-08-16,49.20000076293945,50.0,48.880001068115234,50.0,2550
2013-08-19,46.79999923706055,48.880001068115234,46.63999938964844,48.880001068115234,4338
2013-08-20,47.84000015258789,48.31999969482422,46.47999954223633,46.47999954223633,2350
2013-08-21,47.599998474121094,48.2400016784668,46.880001068115234,47.119998931884766,2275
2013-08-22,47.20000076293945,47.20000076293945,46.08000183105469,46.79999923706055,1350
2013-08-23,46.79999923706055,48.63999938964844,46.79999923706055,47.20000076293945,1038
2013-08-26,45.040000915527344,46.63999938964844,44.400001525878906,46.63999938964844,688
2013-08-27,46.0,46.0,45.599998474121094,45.599998474121094,463
2013-08-28,44.79999923706055,45.599998474121094,43.20000076293945,44.400001525878906,2500
2013-08-29,44.79999923706055,48.0,44.47999954223633,48.0,6488
2013-08-30,45.91999816894531,45.91999816894531,42.400001525878906,44.400001525878906,3588
2013-09-03,43.599998474121094,45.599998474121094,43.279998779296875,44.79999923706055,2738
2013-09-04,42.79999923706055,43.20000076293945,42.08000183105469,43.20000076293945,1425
2013-09-05,43.20000076293945,44.08000183105469,42.0,42.0,1063
2013-09-06,47.20000076293945,47.599998474121094,42.880001068115234,42.959999084472656,4588
2013-09-09,46.79999923706055,47.20000076293945,45.84000015258789,47.20000076293945,9525
2013-09-10,48.63999938964844,48.63999938964844,46.15999984741211,47.20000076293945,13400
2013-09-11,47.36000061035156,48.79999923706055,46.400001525878906,48.08000183105469,3625
2013-09-12,48.0,48.79999923706055,45.599998474121094,47.36000061035156,6025
2013-09-13,48.08000183105469,48.720001220703125,46.400001525878906,46.400001525878906,6275
2013-09-16,47.68000030517578,48.31999969482422,45.7599983215332,47.20000076293945,3100
2013-09-17,46.2400016784668,46.400001525878906,45.36000061035156,46.0,763
2013-09-18,44.720001220703125,45.599998474121094,44.08000183105469,45.599998474121094,850
2013-09-19,43.68000030517578,46.08000183105469,43.20000076293945,44.15999984741211,2500
2013-09-20,44.0,44.0,43.20000076293945,43.36000061035156,500
2013-09-23,42.63999938964844,44.79999923706055,42.63999938964844,44.0,288
2013-09-24,43.20000076293945,44.400001525878906,42.63999938964844,42.720001220703125,1925
2013-09-25,41.20000076293945,43.20000076293945,40.400001525878906,43.20000076293945,13500
2013-09-26,40.880001068115234,41.599998474121094,40.63999938964844,41.279998779296875,1113
2013-09-27,40.400001525878906,41.439998626708984,40.0,40.880001068115234,7163
2013-09-30,41.52000045776367,41.52000045776367,40.79999923706055,40.79999923706055,2113
2013-10-01,42.79999923706055,43.599998474121094,42.0,42.0,8613
2013-10-02,42.79999923706055,43.599998474121094,42.79999923706055,43.599998474121094,2563
2013-10-03,41.7599983215332,42.79999923706055,40.400001525878906,42.79999923706055,1450
2013-10-04,40.79999923706055,41.599998474121094,40.0,41.599998474121094,1275
2013-10-07,38.0,40.560001373291016,38.0,40.0,1113
2013-10-08,36.79999923706055,40.560001373291016,35.36000061035156,38.400001525878906,3875
2013-10-09,37.119998931884766,37.119998931884766,36.0,36.0,3688
2013-10-10,37.20000076293945,37.20000076293945,36.08000183105469,36.400001525878906,3775
2013-10-11,40.2400016784668,40.63999938964844,38.400001525878906,38.400001525878906,2363
2013-10-14,38.2400016784668,40.400001525878906,38.0,39.599998474121094,1088
2013-10-15,38.31999969482422,38.31999969482422,37.599998474121094,38.0,138
2013-10-16,36.79999923706055,37.52000045776367,36.79999923706055,37.20000076293945,500
2013-10-17,42.400001525878906,46.79999923706055,36.0,36.0,4288
2013-10-18,45.84000015258789,45.84000015258789,40.400001525878906,40.400001525878906,8175
2013-10-21,45.20000076293945,46.2400016784668,44.0,44.0,5363
2013-10-22,44.880001068115234,46.15999984741211,44.79999923706055,46.0,625
2013-10-23,44.79999923706055,46.0,44.79999923706055,46.0,4900
2013-10-24,44.79999923706055,46.0,44.79999923706055,46.0,625
2013-10-25,45.20000076293945,45.279998779296875,44.400001525878906,45.20000076293945,2050
2013-10-28,46.400001525878906,46.400001525878906,44.79999923706055,45.52000045776367,2838
2013-10-29,45.599998474121094,45.599998474121094,42.560001373291016,44.400001525878906,37650
2013-10-30,44.79999923706055,47.68000030517578,43.36000061035156,46.0,1500
2013-10-31,46.79999923706055,46.79999923706055,44.0,46.400001525878906,1075
2013-11-01,46.400001525878906,47.20000076293945,45.599998474121094,45.599998474121094,1500
2013-11-04,48.400001525878906,50.79999923706055,46.400001525878906,46.400001525878906,8850
2013-11-05,47.439998626708984,48.15999984741211,44.0,48.0,3813
2013-11-06,47.68000030517578,47.7599983215332,46.31999969482422,46.79999923706055,2725
2013-11-07,46.79999923706055,47.599998474121094,46.79999923706055,47.599998474121094,1163
2013-11-08,46.79999923706055,46.79999923706055,44.880001068115234,46.79999923706055,2725
2013-11-11,45.599998474121094,47.20000076293945,42.880001068115234,44.880001068115234,1588
2013-11-12,45.599998474121094,48.0,44.15999984741211,45.599998474121094,5425
2013-11-13,45.599998474121094,45.599998474121094,44.79999923706055,45.599998474121094,2725
2013-11-14,44.79999923706055,46.0,44.560001373291016,44.79999923706055,425
2013-11-15,46.0,46.400001525878906,43.439998626708984,44.560001373291016,3763
2013-11-18,47.439998626708984,49.599998474121094,46.400001525878906,49.599998474121094,6925
2013-11-19,46.959999084472656,49.20000076293945,46.560001373291016,47.439998626708984,4600
2013-11-20,44.0,47.599998474121094,42.720001220703125,47.20000076293945,3688
2013-11-21,41.599998474121094,47.599998474121094,40.79999923706055,47.599998474121094,2450
2013-11-22,42.0,45.040000915527344,41.20000076293945,43.119998931884766,3075
2013-11-25,45.20000076293945,45.20000076293945,42.0,42.0,1938
2013-11-26,42.0,43.599998474121094,40.79999923706055,43.599998474121094,2425
2013-11-27,45.20000076293945,45.91999816894531,44.0,45.91999816894531,800
2013-11-29,48.79999923706055,49.20000076293945,45.599998474121094,45.599998474121094,1900
2013-12-02,45.599998474121094,48.0,45.599998474121094,47.599998474121094,2238
2013-12-03,47.20000076293945,48.560001373291016,43.20000076293945,45.599998474121094,3613
2013-12-04,46.0,47.20000076293945,44.79999923706055,47.20000076293945,2188
2013-12-05,46.400001525878906,46.79999923706055,44.2400016784668,46.79999923706055,6000
2013-12-06,44.79999923706055,46.560001373291016,44.79999923706055,46.400001525878906,2413
2013-12-09,49.040000915527344,50.0,46.15999984741211,46.400001525878906,18550
2013-12-10,48.79999923706055,49.7599983215332,48.0,48.63999938964844,2325
2013-12-11,48.47999954223633,49.599998474121094,46.79999923706055,48.79999923706055,6250
2013-12-12,51.20000076293945,52.0,48.720001220703125,49.599998474121094,16913
2013-12-13,52.0,52.0,50.79999923706055,51.599998474121094,5363
2013-12-16,51.599998474121094,52.0,49.84000015258789,52.0,8738
2013-12-17,54.400001525878906,54.400001525878906,50.15999984741211,51.599998474121094,25625
2013-12-18,51.599998474121094,54.400001525878906,51.599998474121094,53.7599983215332,1375
2013-12-19,50.400001525878906,51.119998931884766,48.0,50.79999923706055,3538
2013-12-20,51.20000076293945,51.20000076293945,49.599998474121094,51.20000076293945,388
2013-12-23,48.79999923706055,50.400001525878906,48.79999923706055,50.0,3113
2013-12-24,50.31999969482422,50.31999969482422,48.79999923706055,48.79999923706055,263
2013-12-26,51.91999816894531,51.91999816894531,49.279998779296875,49.279998779296875,413
2013-12-27,49.20000076293945,51.91999816894531,49.119998931884766,51.91999816894531,2700
2013-12-30,48.79999923706055,51.599998474121094,48.560001373291016,49.68000030517578,1075
2013-12-31,50.400001525878906,50.400001525878906,47.599998474121094,48.79999923706055,1000
2014-01-02,49.599998474121094,50.959999084472656,48.79999923706055,50.959999084472656,738
2014-01-03,47.599998474121094,48.79999923706055,46.959999084472656,48.79999923706055,2988
2014-01-06,47.040000915527344,49.599998474121094,46.400001525878906,49.599998474121094,1588
2014-01-07,46.08000183105469,48.400001525878906,44.47999954223633,44.63999938964844,3913
2014-01-08,46.31999969482422,46.31999969482422,46.0,46.08000183105469,1088
2014-01-09,48.0,49.439998626708984,47.91999816894531,48.08000183105469,1625
2014-01-10,46.79999923706055,49.439998626708984,46.79999923706055,46.79999923706055,1188
2014-01-13,46.79999923706055,47.20000076293945,44.400001525878906,46.0,2863
2014-01-14,48.0,48.0,46.0,46.0,1625
2014-01-15,48.31999969482422,48.31999969482422,45.599998474121094,48.0,1363
2014-01-16,48.0,48.0,46.400001525878906,47.599998474121094,1675
2014-01-17,47.20000076293945,48.31999969482422,47.20000076293945,47.20000076293945,1400
2014-01-21,49.20000076293945,49.599998474121094,48.400001525878906,48.400001525878906,5600
2014-01-22,50.0,50.0,48.79999923706055,49.599998474121094,3125
2014-01-23,50.0,50.400001525878906,49.599998474121094,50.15999984741211,1538
2014-01-24,50.400001525878906,50.400001525878906,49.599998474121094,50.0,3113
2014-01-27,49.279998779296875,50.2400016784668,48.63999938964844,50.08000183105469,1763
2014-01-28,49.599998474121094,50.560001373291016,48.0,48.63999938964844,1138
2014-01-29,47.20000076293945,49.599998474121094,47.20000076293945,48.79999923706055,1000
2014-01-30,47.20000076293945,47.20000076293945,46.79999923706055,46.79999923706055,488
2014-01-31,46.79999923706055,46.79999923706055,46.400001525878906,46.79999923706055,213
2014-02-03,48.79999923706055,50.400001525878906,48.0,48.0,7563
2014-02-04,48.400001525878906,49.7599983215332,48.15999984741211,48.560001373291016,2000
2014-02-05,48.0,48.959999084472656,48.0,48.959999084472656,350
2014-02-06,46.560001373291016,48.63999938964844,46.560001373291016,48.63999938964844,875
2014-02-07,48.400001525878906,48.79999923706055,47.279998779296875,47.279998779296875,5650
2014-02-10,48.0,49.599998474121094,48.0,49.599998474121094,1050
2014-02-11,48.400001525878906,48.400001525878906,48.0,48.0,5300
2014-02-12,50.0,50.0,48.400001525878906,48.63999938964844,3975
2014-02-13,49.040000915527344,49.599998474121094,48.79999923706055,49.20000076293945,1175
2014-02-14,50.400001525878906,50.400001525878906,47.599998474121094,49.599998474121094,1475
2014-02-18,47.599998474121094,49.599998474121094,47.599998474121094,48.79999923706055,1338
2014-02-19,48.08000183105469,49.20000076293945,48.08000183105469,49.20000076293945,513
2014-02-20,48.79999923706055,48.79999923706055,48.0,48.400001525878906,588
2014-02-21,48.400001525878906,49.279998779296875,48.0,48.400001525878906,2838
2014-02-24,48.0,48.400001525878906,47.119998931884766,48.400001525878906,2875
2014-02-25,48.2400016784668,48.31999969482422,47.279998779296875,48.31999969482422,313
2014-02-26,50.79999923706055,50.79999923706055,48.31999969482422,48.31999969482422,18300
2014-02-27,53.279998779296875,53.84000015258789,50.560001373291016,50.959999084472656,21713
2014-02-28,52.79999923706055,53.20000076293945,51.439998626708984,52.0,3863
2014-03-03,53.599998474121094,55.36000061035156,51.20000076293945,51.7599983215332,9200
2014-03-04,52.0,53.599998474121094,49.599998474121094,53.599998474121094,2400
2014-03-05,54.400001525878906,54.400001525878906,50.0,50.0,4725
2014-03-06,53.599998474121094,54.400001525878906,52.79999923706055,54.2400016784668,6350
2014-03-07,55.599998474121094,55.599998474121094,52.79999923706055,53.599998474121094,3838
2014-03-10,57.20000076293945,59.119998931884766,54.79999923706055,55.279998779296875,8888
2014-03-11,56.79999923706055,58.0,56.31999969482422,57.20000076293945,2113
2014-03-12,56.400001525878906,58.400001525878906,56.0,56.0,1650
2014-03-13,55.91999816894531,56.79999923706055,54.63999938964844,56.15999984741211,2138
2014-03-14,55.20000076293945,56.15999984741211,54.47999954223633,55.599998474121094,2425
2014-03-17,54.400001525878906,55.20000076293945,53.599998474121094,55.20000076293945,1475
2014-03-18,55.119998931884766,55.599998474121094,53.20000076293945,54.79999923706055,1413
2014-03-19,53.52000045776367,54.79999923706055,52.0,54.79999923706055,2525
2014-03-20,56.0,56.0,53.20000076293945,53.52000045776367,1450
2014-03-21,55.52000045776367,55.52000045776367,53.599998474121094,53.599998474121094,1938
2014-03-24,52.0,55.91999816894531,50.0,55.91999816894531,913
2014-03-25,53.52000045776367,55.20000076293945,52.0,55.20000076293945,750
2014-03-26,53.599998474121094,53.599998474121094,50.0,51.20000076293945,1925
2014-03-27,53.599998474121094,53.599998474121094,52.0,52.0,125
2014-03-28,55.20000076293945,55.20000076293945,52.720001220703125,52.720001220703125,725
2014-03-31,53.599998474121094,56.0,52.0,54.400001525878906,3463
2014-04-01,53.599998474121094,53.599998474121094,53.599998474121094,53.599998474121094,0
2014-04-02,55.20000076293945,55.599998474121094,52.0,53.599998474121094,2338
2014-04-03,54.400001525878906,55.119998931884766,54.400001525878906,55.119998931884766,225
2014-04-04,54.31999969482422,55.20000076293945,54.31999969482422,54.31999969482422,1350
2014-04-07,50.880001068115234,54.0,50.79999923706055,54.0,3513
2014-04-08,53.599998474121094,54.79999923706055,52.400001525878906,52.400001525878906,863
2014-04-09,53.599998474121094,53.599998474121094,52.400001525878906,53.599998474121094,250
2014-04-10,51.599998474121094,53.599998474121094,51.599998474121094,53.599998474121094,3613
2014-04-11,51.20000076293945,51.20000076293945,50.400001525878906,51.20000076293945,338
2014-04-14,51.20000076293945,52.79999923706055,51.20000076293945,51.20000076293945,375
2014-04-15,52.720001220703125,53.599998474121094,50.0,50.79999923706055,1125
2014-04-16,51.91999816894531,53.20000076293945,49.7599983215332,49.7599983215332,200
2014-04-17,52.79999923706055,52.79999923706055,51.20000076293945,52.400001525878906,2075
2014-04-21,52.79999923706055,53.599998474121094,52.0,53.20000076293945,700
2014-04-22,52.79999923706055,52.79999923706055,51.20000076293945,52.0,275
2014-04-23,54.0,54.0,52.79999923706055,52.79999923706055,1900
2014-04-24,55.599998474121094,55.599998474121094,53.599998474121094,54.720001220703125,2213
2014-04-25,55.20000076293945,55.20000076293945,54.959999084472656,55.20000076293945,3463
2014-04-28,53.599998474121094,56.79999923706055,53.599998474121094,55.599998474121094,3025
2014-04-29,55.84000015258789,57.20000076293945,55.20000076293945,56.0,3313
2014-04-30,56.15999984741211,56.15999984741211,56.15999984741211,56.15999984741211,325
2014-05-01,57.20000076293945,57.20000076293945,55.599998474121094,55.599998474121094,50
2014-05-02,57.439998626708984,57.439998626708984,56.79999923706055,57.20000076293945,375
2014-05-05,65.19999694824219,68.0,59.20000076293945,60.0,8538
2014-05-06,60.79999923706055,65.44000244140625,59.20000076293945,65.44000244140625,3563
2014-05-07,63.7599983215332,64.0,60.79999923706055,60.79999923706055,4788
2014-05-08,64.0,64.80000305175781,62.400001525878906,63.7599983215332,4713
2014-05-09,63.599998474121094,64.0,62.400001525878906,62.560001373291016,1100
2014-05-12,64.0,64.4000015258789,64.0,64.16000366210938,3600
2014-05-13,66.0,66.80000305175781,62.400001525878906,64.4000015258789,3113
2014-05-14,66.63999938964844,66.72000122070312,65.36000061035156,66.0,738
2014-05-15,64.0,67.36000061035156,63.20000076293945,67.36000061035156,4563
2014-05-16,62.400001525878906,65.5999984741211,62.400001525878906,65.5999984741211,600
2014-05-19,62.0,62.560001373291016,60.0,62.560001373291016,1213
2014-05-20,64.0,64.0,62.0,62.0,588
2014-05-21,64.80000305175781,66.4000015258789,64.4000015258789,66.4000015258789,1725
2014-05-22,67.5999984741211,67.5999984741211,64.0,64.4000015258789,2175
2014-05-23,68.4000015258789,69.91999816894531,67.19999694824219,67.19999694824219,1863
2014-05-27,73.5999984741211,74.0,69.19999694824219,69.83999633789062,6725
2014-05-28,72.80000305175781,73.5199966430664,64.80000305175781,72.80000305175781,2625
2014-05-29,73.19999694824219,74.80000305175781,72.4000015258789,72.80000305175781,475
2014-05-30,72.80000305175781,73.19999694824219,70.87999725341797,73.19999694824219,2825
2014-06-02,72.0,72.4000015258789,70.4000015258789,72.4000015258789,550
2014-06-03,72.4000015258789,72.80000305175781,72.4000015258789,72.80000305175781,100
2014-06-04,70.4000015258789,72.0,68.0,70.80000305175781,5200
2014-06-05,71.19999694824219,71.19999694824219,68.4000015258789,70.4000015258789,1675
2014-06-06,73.12000274658203,73.19999694824219,70.4000015258789,70.4000015258789,3275
2014-06-09,72.0,72.0,70.80000305175781,72.0,863
2014-06-10,72.0,72.0,70.80000305175781,70.80000305175781,288
2014-06-11,72.80000305175781,72.80000305175781,68.0,70.80000305175781,1850
2014-06-12,72.55999755859375,72.80000305175781,68.0,70.80000305175781,5763
2014-06-13,80.80000305175781,84.0,72.80000305175781,72.80000305175781,10300
2014-06-16,79.91999816894531,81.5999984741211,79.19999694824219,81.5999984741211,1875
2014-06-17,78.4000015258789,80.0,78.0,78.4000015258789,525
2014-06-18,78.4000015258789,78.4000015258789,76.4000015258789,78.4000015258789,4213
2014-06-19,78.4000015258789,79.5999984741211,78.0,79.19999694824219,2650
2014-06-20,79.5999984741211,80.4000015258789,76.4000015258789,78.80000305175781,3625
2014-06-23,83.19999694824219,86.4000015258789,80.31999969482422,80.31999969482422,3575
2014-06-24,86.0,89.19999694824219,83.19999694824219,83.19999694824219,2388
2014-06-25,86.4000015258789,89.5999984741211,82.80000305175781,86.0,1050
2014-06-26,86.4000015258789,89.5999984741211,86.4000015258789,87.91999816894531,613
2014-06-27,88.80000305175781,88.80000305175781,86.4000015258789,86.4000015258789,25
2014-06-30,88.80000305175781,94.0,84.4000015258789,89.5999984741211,2738
2014-07-01,86.80000305175781,89.5999984741211,86.80000305175781,88.80000305175781,675
2014-07-02,88.0,88.0,86.80000305175781,87.19999694824219,2825
2014-07-03,91.5999984741211,91.5999984741211,87.83999633789062,89.19999694824219,3950
2014-07-07,90.0,92.0,88.08000183105469,90.4000015258789,2538
2014-07-08,88.80000305175781,89.5999984741211,88.08000183105469,89.5999984741211,513
2014-07-09,90.95999908447266,92.4000015258789,88.80000305175781,89.19999694824219,2175
2014-07-10,95.5199966430664,96.80000305175781,88.4000015258789,90.4000015258789,5263
2014-07-11,95.19999694824219,95.5999984741211,94.0,95.5199966430664,2988
2014-07-14,96.80000305175781,97.5999984741211,92.4000015258789,95.76000213623047,4463
2014-07-15,96.0,96.0,94.23999786376953,96.0,913
2014-07-16,94.4000015258789,95.19999694824219,92.0,95.19999694824219,2263
2014-07-17,92.0,94.4000015258789,92.0,92.80000305175781,650
2014-07-18,93.5999984741211,94.4000015258789,92.0,92.0,1338
2014-07-21,92.0,92.0,90.80000305175781,92.0,663
2014-07-22,97.68000030517578,97.68000030517578,91.19999694824219,92.0,5700
2014-07-23,99.12000274658203,100.16000366210938,97.19999694824219,99.5199966430664,4075
2014-07-24,100.0,102.55999755859375,97.19999694824219,98.80000305175781,4150
2014-07-25,96.0,100.72000122070312,95.36000061035156,98.63999938964844,25988
2014-07-28,97.19999694824219,101.5999984741211,96.4000015258789,100.0,18050
2014-07-29,93.19999694824219,96.4000015258789,91.19999694824219,96.4000015258789,14463
2014-07-30,92.0,97.44000244140625,92.0,94.87999725341797,2038
2014-07-31,94.23999786376953,94.80000305175781,89.27999877929688,92.0,2150
2014-08-01,93.12000274658203,93.12000274658203,89.27999877929688,92.80000305175781,2863
2014-08-04,92.4000015258789,94.0,90.4000015258789,93.36000061035156,638
2014-08-05,90.0,91.5999984741211,85.5999984741211,90.0,3313
2014-08-06,90.4800033569336,91.19999694824219,88.63999938964844,88.63999938964844,388
2014-08-07,90.80000305175781,91.19999694824219,89.91999816894531,90.0,1788
2014-08-08,95.83999633789062,96.0,90.4800033569336,92.0,725
2014-08-11,93.27999877929688,98.4800033569336,92.95999908447266,96.63999938964844,3375
2014-08-12,94.23999786376953,94.80000305175781,92.31999969482422,92.31999969482422,1050
2014-08-13,94.63999938964844,94.80000305175781,91.19999694824219,94.4800033569336,2863
2014-08-14,94.63999938964844,94.80000305175781,92.4000015258789,93.68000030517578,2763
2014-08-15,88.08000183105469,95.83999633789062,86.4800033569336,93.19999694824219,9513
2014-08-18,88.87999725341797,89.76000213623047,85.76000213623047,85.76000213623047,1750
2014-08-19,89.68000030517578,92.0,88.95999908447266,90.0,7213
2014-08-20,92.0,98.31999969482422,91.19999694824219,91.19999694824219,33038
2014-08-21,94.4000015258789,97.68000030517578,92.0,92.08000183105469,8513
2014-08-22,92.4000015258789,94.08000183105469,92.23999786376953,94.08000183105469,2550
2014-08-25,88.08000183105469,93.5999984741211,86.4800033569336,93.19999694824219,9050
2014-08-26,90.23999786376953,90.31999969482422,86.4000015258789,88.0,4325
2014-08-27,88.23999786376953,89.44000244140625,88.0,88.23999786376953,3200
2014-08-28,90.0,94.31999969482422,88.0,88.23999786376953,3375
2014-08-29,89.91999816894531,90.72000122070312,88.80000305175781,88.80000305175781,1863
2014-09-02,90.31999969482422,90.95999908447266,88.72000122070312,90.0,3313
2014-09-03,90.80000305175781,90.80000305175781,89.19999694824219,89.5999984741211,1950
2014-09-04,89.5999984741211,90.87999725341797,87.91999816894531,90.87999725341797,2913
2014-09-05,89.5999984741211,90.80000305175781,88.4000015258789,88.4000015258789,2575
2014-09-08,95.5199966430664,97.5199966430664,89.19999694824219,90.80000305175781,8213
2014-09-09,98.72000122070312,98.72000122070312,95.19999694824219,96.0,9313
2014-09-10,111.5999984741211,112.0,100.0,103.91999816894531,18538
2014-09-11,118.16000366210938,119.5999984741211,112.0,112.0,11550
2014-09-12,127.19999694824219,127.27999877929688,119.19999694824219,119.19999694824219,13363
2014-09-15,119.12000274658203,131.1999969482422,116.0,131.0399932861328,10250
2014-09-16,117.12000274658203,119.44000244140625,114.23999786376953,116.4000015258789,7513
2014-09-17,114.80000305175781,118.4000015258789,112.4000015258789,117.91999816894531,5888
2014-09-18,115.36000061035156,116.80000305175781,108.95999908447266,116.80000305175781,6225
2014-09-19,109.04000091552734,117.5999984741211,108.0,116.55999755859375,13038
2014-09-22,108.4800033569336,113.76000213623047,104.55999755859375,110.80000305175781,5525
2014-09-23,109.12000274658203,113.68000030517578,107.19999694824219,108.87999725341797,3650
2014-09-24,110.63999938964844,110.95999908447266,106.0,107.44000244140625,2525
2014-09-25,117.04000091552734,117.5199966430664,109.27999877929688,109.27999877929688,2775
2014-09-26,117.27999877929688,118.87999725341797,115.19999694824219,117.5999984741211,3475
2014-09-29,114.23999786376953,117.27999877929688,113.68000030517578,117.27999877929688,2763
2014-09-30,115.12000274658203,117.12000274658203,113.5999984741211,114.08000183105469,2900
2014-10-01,111.19999694824219,116.72000122070312,109.91999816894531,114.08000183105469,4113
2014-10-02,107.36000061035156,114.0,96.95999908447266,112.87999725341797,9738
2014-10-03,111.68000030517578,114.0,108.31999969482422,108.31999969482422,2838
2014-10-06,113.19999694824219,121.76000213623047,112.55999755859375,119.76000213623047,7213
2014-10-07,114.16000366210938,114.72000122070312,112.0,113.83999633789062,3113
2014-10-08,114.16000366210938,118.23999786376953,114.0,114.08000183105469,1800
2014-10-09,110.80000305175781,117.5999984741211,103.83999633789062,114.31999969482422,10025
2014-10-10,105.5999984741211,108.95999908447266,102.4000015258789,108.95999908447266,6700
2014-10-13,104.0,112.0,103.19999694824219,107.5999984741211,6775
2014-10-14,99.36000061035156,106.80000305175781,98.0,104.4800033569336,5813
2014-10-15,98.0,103.19999694824219,89.36000061035156,98.0,9700
2014-10-16,96.16000366210938,102.87999725341797,92.0,96.0,1613
2014-10-17,98.23999786376953,103.36000061035156,94.72000122070312,96.08000183105469,5150
2014-10-20,98.72000122070312,100.4000015258789,96.0,99.68000030517578,3525
2014-10-21,100.31999969482422,102.63999938964844,96.72000122070312,96.72000122070312,6213
2014-10-22,97.12000274658203,99.91999816894531,89.19999694824219,99.36000061035156,6463
2014-10-23,96.4800033569336,100.0,93.12000274658203,93.12000274658203,2525
2014-10-24,94.55999755859375,98.55999755859375,93.5999984741211,96.95999908447266,2088
2014-10-27,96.23999786376953,99.04000091552734,94.72000122070312,95.27999877929688,8013
2014-10-28,95.19999694824219,98.55999755859375,94.55999755859375,96.87999725341797,3813
2014-10-29,93.68000030517578,98.31999969482422,93.5999984741211,96.4800033569336,2663
2014-10-30,99.5999984741211,100.0,90.4800033569336,93.5999984741211,9200
2014-10-31,102.4000015258789,103.19999694824219,96.16000366210938,102.16000366210938,10325
2014-11-03,105.83999633789062,108.80000305175781,101.5999984741211,103.83999633789062,9338
2014-11-04,105.91999816894531,105.91999816894531,102.72000122070312,105.04000091552734,1263
2014-11-05,111.04000091552734,118.55999755859375,104.23999786376953,106.0,5375
2014-11-06,110.0,113.5199966430664,110.0,111.5999984741211,8250
2014-11-07,113.5199966430664,113.5999984741211,108.87999725341797,113.5999984741211,6425
2014-11-10,111.76000213623047,113.5999984741211,110.55999755859375,113.5999984741211,4450
2014-11-11,114.80000305175781,115.27999877929688,112.72000122070312,113.83999633789062,5600
2014-11-12,116.0,116.4000015258789,113.44000244140625,114.4000015258789,7913
2014-11-13,118.87999725341797,127.19999694824219,112.63999938964844,124.4000015258789,22575
2014-11-14,116.80000305175781,118.4800033569336,113.04000091552734,118.4800033569336,3138
2014-11-17,114.4000015258789,117.83999633789062,108.72000122070312,117.83999633789062,4313
2014-11-18,115.44000244140625,115.5199966430664,111.27999877929688,113.5999984741211,2213
2014-11-19,112.80000305175781,114.63999938964844,108.80000305175781,114.63999938964844,1788
2014-11-20,111.5999984741211,113.04000091552734,106.87999725341797,111.19999694824219,2788
2014-11-21,113.5199966430664,114.55999755859375,110.4800033569336,111.27999877929688,2725
2014-11-24,119.12000274658203,120.0,113.27999877929688,113.5999984741211,8575
2014-11-25,118.23999786376953,121.91999816894531,116.72000122070312,120.0,6000
2014-11-26,119.44000244140625,119.76000213623047,118.0,118.4000015258789,2050
2014-11-28,119.5199966430664,121.19999694824219,117.5999984741211,118.4000015258789,2463
2014-12-01,116.80000305175781,121.19999694824219,116.4800033569336,120.80000305175781,2538
2014-12-02,119.5999984741211,120.80000305175781,118.4000015258789,119.04000091552734,2163
2014-12-03,120.95999908447266,121.5999984741211,118.4000015258789,120.0,4800
2014-12-04,130.55999755859375,130.72000122070312,120.80000305175781,120.80000305175781,15850
2014-12-05,141.27999877929688,141.36000061035156,131.36000061035156,131.52000427246094,26938
2014-12-08,142.39999389648438,142.8000030517578,136.47999572753906,142.63999938964844,13088
2014-12-09,138.39999389648438,142.39999389648438,131.36000061035156,142.39999389648438,8988
2014-12-10,140.63999938964844,142.32000732421875,137.60000610351562,142.32000732421875,3750
2014-12-11,139.1999969482422,142.32000732421875,138.0,138.0800018310547,7038
2014-12-12,138.72000122070312,140.0,134.8800048828125,138.24000549316406,7075
2014-12-15,144.47999572753906,146.39999389648438,140.0,144.63999938964844,28638
2014-12-16,149.0399932861328,151.44000244140625,144.47999572753906,144.72000122070312,8225
2014-12-17,144.0800018310547,150.39999389648438,144.0,150.0800018310547,8600
2014-12-18,141.9199981689453,146.8000030517578,141.67999267578125,146.8000030517578,7825
2014-12-19,146.8000030517578,149.1999969482422,140.8000030517578,141.9199981689453,11100
2014-12-22,149.52000427246094,152.0,148.8000030517578,149.36000061035156,8425
2014-12-23,154.72000122070312,155.67999267578125,140.16000366210938,149.60000610351562,20331
2014-12-24,149.1199951171875,153.1199951171875,144.8000030517578,153.1199951171875,3119
2014-12-26,145.60000610351562,152.8000030517578,144.9600067138672,150.0800018310547,6544
2014-12-29,142.8800048828125,149.1199951171875,141.75999450683594,146.24000549316406,2875
2014-12-30,137.1199951171875,143.83999633789062,136.0,143.83999633789062,7663
2014-12-31,134.72000122070312,140.0,128.9600067138672,139.1999969482422,7025
2015-01-02,133.75999450683594,140.9600067138672,128.0,128.0,4906
2015-01-05,126.72000122070312,134.55999755859375,125.5999984741211,134.55999755859375,9675
2015-01-06,124.95999908447266,129.1199951171875,124.0,129.1199951171875,3569
2015-01-07,134.8800048828125,135.1999969482422,118.08000183105469,128.0,9850
2015-01-08,129.44000244140625,134.39999389648438,121.91999816894531,134.39999389648438,4913
2015-01-09,125.76000213623047,128.16000366210938,120.0,128.16000366210938,4469
2015-01-12,125.76000213623047,130.0800018310547,124.63999938964844,129.75999450683594,4781
2015-01-13,122.08000183105469,127.04000091552734,120.0,125.44000244140625,4600
2015-01-14,117.12000274658203,123.83999633789062,116.4800033569336,120.80000305175781,4625
2015-01-15,122.4000015258789,124.4800033569336,111.5199966430664,118.4000015258789,8756
2015-01-16,121.5999984741211,129.60000610351562,121.5999984741211,123.04000091552734,5175
2015-01-20,115.5199966430664,121.5999984741211,113.91999816894531,120.4800033569336,5513
2015-01-21,112.63999938964844,115.68000030517578,111.36000061035156,114.72000122070312,4525
2015-01-22,111.83999633789062,113.44000244140625,105.76000213623047,113.44000244140625,8306
2015-01-23,106.87999725341797,110.4000015258789,101.5999984741211,109.5999984741211,5219
2015-01-26,114.08000183105469,116.95999908447266,102.55999755859375,105.5999984741211,8881
2015-01-27,122.23999786376953,122.55999755859375,109.91999816894531,115.04000091552734,4219
2015-01-28,119.04000091552734,124.0,115.83999633789062,124.0,4356
2015-01-29,121.5999984741211,121.5999984741211,116.16000366210938,118.87999725341797,3563
2015-01-30,118.23999786376953,120.63999938964844,116.80000305175781,120.63999938964844,3100
2015-02-02,115.5199966430664,118.23999786376953,112.0,118.23999786376953,2431
2015-02-03,114.08000183105469,117.12000274658203,112.0,117.12000274658203,3669
2015-02-04,111.19999694824219,116.0,109.5999984741211,114.55999755859375,7494
2015-02-05,108.80000305175781,114.23999786376953,108.80000305175781,111.19999694824219,5244
2015-02-06,114.55999755859375,116.80000305175781,108.80000305175781,109.27999877929688,8575
2015-02-09,111.19999694824219,115.19999694824219,110.55999755859375,115.19999694824219,2713
2015-02-10,109.12000274658203,113.44000244140625,106.4000015258789,112.80000305175781,7125
2015-02-11,103.36000061035156,110.87999725341797,102.72000122070312,110.87999725341797,7944
2015-02-12,107.36000061035156,108.31999969482422,103.83999633789062,103.83999633789062,2944
2015-02-13,106.72000122070312,108.31999969482422,104.4800033569336,107.5199966430664,5744
2015-02-17,110.23999786376953,113.44000244140625,108.0,108.63999938964844,6213
2015-02-18,109.5999984741211,112.63999938964844,108.80000305175781,111.68000030517578,4225
2015-02-19,109.5999984741211,110.72000122070312,105.91999816894531,109.5999984741211,1450
2015-02-20,112.63999938964844,113.44000244140625,108.0,110.4000015258789,3231
2015-02-23,113.27999877929688,113.76000213623047,110.23999786376953,112.80000305175781,5844
2015-02-24,112.16000366210938,113.76000213623047,110.87999725341797,113.5999984741211,3138
2015-02-25,115.36000061035156,115.36000061035156,110.72000122070312,112.16000366210938,4238
2015-02-26,120.80000305175781,120.80000305175781,112.95999908447266,116.31999969482422,13263
2015-02-27,117.44000244140625,124.31999969482422,117.44000244140625,122.4000015258789,8219
2015-03-02,119.5199966430664,122.23999786376953,117.12000274658203,119.04000091552734,10144
2015-03-03,121.44000244140625,124.80000305175781,116.31999969482422,120.31999969482422,5800
2015-03-04,120.16000366210938,123.04000091552734,117.27999877929688,123.04000091552734,5006
2015-03-05,119.83999633789062,120.4800033569336,113.91999816894531,120.0,5675
2015-03-06,117.91999816894531,119.68000030517578,116.0,119.68000030517578,2269
2015-03-09,111.04000091552734,118.4000015258789,108.95999908447266,118.4000015258789,7294
2015-03-10,105.91999816894531,112.0,104.95999908447266,111.5199966430664,4056
2015-03-11,107.83999633789062,110.72000122070312,104.0,107.68000030517578,5150
2015-03-12,111.83999633789062,113.91999816894531,107.04000091552734,108.4800033569336,7856
2015-03-13,108.0,110.4000015258789,107.19999694824219,110.4000015258789,6975
2015-03-16,107.68000030517578,108.95999908447266,107.19999694824219,107.19999694824219,2406
2015-03-17,107.36000061035156,111.19999694824219,107.19999694824219,107.83999633789062,2269
2015-03-18,105.76000213623047,108.80000305175781,105.12000274658203,108.0,4988
2015-03-19,105.76000213623047,106.87999725341797,104.80000305175781,104.95999908447266,5206
2015-03-20,105.5999984741211,107.19999694824219,104.80000305175781,106.4000015258789,5313
2015-03-23,111.04000091552734,112.16000366210938,106.4000015258789,107.19999694824219,9475
2015-03-24,108.16000366210938,111.68000030517578,105.5999984741211,111.5199966430664,4625
2015-03-25,100.63999938964844,109.76000213623047,99.04000091552734,108.80000305175781,22869
2015-03-26,99.19999694824219,104.0,97.76000213623047,101.91999816894531,5631
2015-03-27,96.4800033569336,104.0,93.27999877929688,101.12000274658203,9775
2015-03-30,89.44000244140625,97.91999816894531,86.08000183105469,97.44000244140625,24275
2015-03-31,92.95999908447266,97.27999877929688,85.44000244140625,88.31999969482422,15025
2015-04-01,90.4000015258789,96.16000366210938,89.76000213623047,96.16000366210938,5019
2015-04-02,90.4000015258789,92.95999908447266,89.76000213623047,91.04000091552734,4050
2015-04-06,87.04000091552734,90.23999786376953,81.5999984741211,87.04000091552734,11956
2015-04-07,85.76000213623047,90.23999786376953,82.55999755859375,89.5999984741211,7325
2015-04-08,84.4800033569336,87.19999694824219,83.68000030517578,84.16000366210938,6125
2015-04-09,83.19999694824219,85.76000213623047,83.04000091552734,84.63999938964844,2831
2015-04-10,93.27999877929688,95.68000030517578,81.76000213623047,83.19999694824219,18206
2015-04-13,93.27999877929688,96.31999969482422,89.91999816894531,93.12000274658203,4544
2015-04-14,95.19999694824219,95.19999694824219,92.16000366210938,94.4000015258789,2488
2015-04-15,96.16000366210938,99.83999633789062,91.68000030517578,94.55999755859375,7569
2015-04-16,94.08000183105469,96.16000366210938,91.83999633789062,95.83999633789062,4931
2015-04-17,93.27999877929688,95.5199966430664,91.36000061035156,92.4800033569336,1906
2015-04-20,95.36000061035156,96.16000366210938,91.04000091552734,95.68000030517578,7675
2015-04-21,91.19999694824219,95.5199966430664,88.63999938964844,95.5199966430664,3600
2015-04-22,92.4800033569336,92.63999938964844,88.63999938964844,90.55999755859375,1063
2015-04-23,92.31999969482422,94.4000015258789,89.91999816894531,92.80000305175781,4238
2015-04-24,96.95999908447266,98.87999725341797,90.72000122070312,92.80000305175781,6275
2015-04-27,92.4800033569336,97.27999877929688,90.08000183105469,96.63999938964844,2700
2015-04-28,92.95999908447266,94.55999755859375,90.72000122070312,90.72000122070312,2019
2015-04-29,91.68000030517578,96.4800033569336,90.4000015258789,90.55999755859375,2375
2015-04-30,92.16000366210938,96.0,88.0,96.0,3763
2015-05-01,91.5199966430664,93.5999984741211,89.76000213623047,93.5999984741211,3900
2015-05-04,94.4000015258789,95.04000091552734,89.76000213623047,91.83999633789062,4038
2015-05-05,91.19999694824219,95.19999694824219,89.76000213623047,92.80000305175781,4419
2015-05-06,93.12000274658203,94.4000015258789,88.31999969482422,92.0,5356
2015-05-07,91.68000030517578,93.12000274658203,90.55999755859375,92.80000305175781,2469
2015-05-08,92.63999938964844,94.08000183105469,91.36000061035156,93.12000274658203,2875
2015-05-11,91.04000091552734,93.27999877929688,89.12000274658203,92.0,2475
2015-05-12,86.23999786376953,92.31999969482422,84.80000305175781,90.55999755859375,6519
2015-05-13,83.19999694824219,86.55999755859375,80.4800033569336,84.4800033569336,4100
2015-05-14,87.04000091552734,88.4800033569336,83.19999694824219,83.19999694824219,2775
2015-05-15,89.76000213623047,93.12000274658203,82.08000183105469,86.4000015258789,6225
2015-05-18,88.31999969482422,93.44000244140625,88.16000366210938,90.72000122070312,5888
2015-05-19,88.4800033569336,89.91999816894531,85.91999816894531,86.87999725341797,3038
2015-05-20,85.91999816894531,88.31999969482422,81.12000274658203,88.0,2538
2015-05-21,82.72000122070312,86.08000183105469,81.76000213623047,84.0,2625
2015-05-22,80.80000305175781,84.0,79.04000091552734,81.76000213623047,3000
2015-05-26,77.44000244140625,80.0,74.55999755859375,78.4000015258789,9256
2015-05-27,78.4000015258789,79.5199966430664,76.0,77.44000244140625,4150
2015-05-28,81.27999877929688,82.4000015258789,78.4000015258789,79.19999694824219,2206
2015-05-29,80.31999969482422,82.55999755859375,79.68000030517578,81.27999877929688,4581
2015-06-01,74.55999755859375,80.0,74.4000015258789,80.0,4250
2015-06-02,72.0,74.23999786376953,68.31999969482422,74.23999786376953,16438
2015-06-03,74.72000122070312,77.12000274658203,72.95999908447266,74.72000122070312,10338
2015-06-04,73.12000274658203,77.5999984741211,73.12000274658203,75.5199966430664,2313
2015-06-05,77.44000244140625,78.72000122070312,71.36000061035156,71.36000061035156,8713
2015-06-08,73.91999816894531,77.44000244140625,73.91999816894531,76.31999969482422,2288
2015-06-09,79.19999694824219,82.55999755859375,72.0,74.08000183105469,32900
2015-06-10,85.5999984741211,87.04000091552734,79.36000061035156,79.36000061035156,16900
2015-06-11,53.7599983215332,85.91999816894531,52.79999923706055,85.91999816894531,190775
2015-06-12,50.880001068115234,56.63999938964844,47.36000061035156,50.2400016784668,68013
2015-06-15,52.31999969482422,54.720001220703125,46.08000183105469,47.20000076293945,26194
2015-06-16,50.560001373291016,53.439998626708984,48.15999984741211,52.31999969482422,10794
2015-06-17,51.20000076293945,51.20000076293945,48.79999923706055,50.560001373291016,8775
2015-06-18,49.91999816894531,50.880001068115234,49.279998779296875,50.720001220703125,7956
2015-06-19,49.439998626708984,51.52000045776367,47.52000045776367,50.2400016784668,9856
2015-06-22,50.400001525878906,51.84000015258789,48.15999984741211,50.720001220703125,7613
2015-06-23,48.959999084472656,50.400001525878906,47.20000076293945,50.400001525878906,10950
2015-06-24,46.880001068115234,48.79999923706055,46.400001525878906,48.79999923706055,9788
2015-06-25,45.599998474121094,47.040000915527344,45.279998779296875,46.720001220703125,4113
2015-06-26,46.720001220703125,47.040000915527344,45.7599983215332,46.08000183105469,2294
2015-06-29,45.7599983215332,46.880001068115234,44.15999984741211,45.279998779296875,3006
2015-06-30,46.400001525878906,47.68000030517578,44.79999923706055,45.119998931884766,4800
2015-07-01,45.439998626708984,47.68000030517578,44.31999969482422,47.040000915527344,4406
2015-07-02,47.36000061035156,49.439998626708984,44.959999084472656,45.7599983215332,8656
2015-07-06,46.2400016784668,48.63999938964844,44.79999923706055,48.0,1075
2015-07-07,45.91999816894531,46.880001068115234,44.31999969482422,46.560001373291016,4800
2015-07-08,47.36000061035156,47.84000015258789,44.79999923706055,45.7599983215332,7000
2015-07-09,47.20000076293945,47.84000015258789,46.560001373291016,47.52000045776367,4788
2015-07-10,47.040000915527344,47.84000015258789,45.7599983215332,47.84000015258789,4794
2015-07-13,47.84000015258789,48.31999969482422,46.08000183105469,46.720001220703125,8825
2015-07-14,48.15999984741211,48.63999938964844,46.720001220703125,47.84000015258789,5625
2015-07-15,53.119998931884766,53.439998626708984,47.68000030517578,47.68000030517578,11031
2015-07-16,52.31999969482422,54.400001525878906,51.20000076293945,54.2400016784668,4363
2015-07-17,50.880001068115234,52.79999923706055,49.91999816894531,52.79999923706055,3525
2015-07-20,48.63999938964844,51.20000076293945,48.15999984741211,51.20000076293945,4306
2015-07-21,48.31999969482422,49.119998931884766,47.68000030517578,48.959999084472656,3650
2015-07-22,48.31999969482422,48.79999923706055,47.52000045776367,47.84000015258789,2938
2015-07-23,48.0,48.15999984741211,47.84000015258789,48.0,7031
2015-07-24,46.2400016784668,49.279998779296875,46.2400016784668,48.15999984741211,9813
2015-07-27,46.560001373291016,47.20000076293945,44.959999084472656,45.599998474121094,2531
2015-07-28,46.400001525878906,47.040000915527344,45.599998474121094,45.7599983215332,1113
2015-07-29,48.47999954223633,52.79999923706055,46.2400016784668,46.2400016784668,8700
2015-07-30,48.15999984741211,49.279998779296875,47.36000061035156,48.47999954223633,4588
2015-07-31,48.15999984741211,49.439998626708984,47.36000061035156,48.47999954223633,3031
2015-08-03,47.20000076293945,48.63999938964844,46.880001068115234,48.63999938964844,2463
2015-08-04,48.0,48.63999938964844,47.68000030517578,47.68000030517578,1825
2015-08-05,47.040000915527344,48.31999969482422,46.880001068115234,48.31999969482422,2688
2015-08-06,41.599998474121094,47.20000076293945,36.959999084472656,47.20000076293945,28150
2015-08-07,41.119998931884766,41.91999816894531,38.2400016784668,38.2400016784668,6994
2015-08-10,45.91999816894531,45.91999816894531,41.599998474121094,41.599998474121094,6825
2015-08-11,44.15999984741211,46.400001525878906,44.0,45.439998626708984,769
2015-08-12,44.79999923706055,44.79999923706055,42.08000183105469,42.880001068115234,1250
2015-08-13,46.880001068115234,46.880001068115234,43.20000076293945,46.880001068115234,7219
2015-08-14,46.720001220703125,47.20000076293945,45.7599983215332,46.560001373291016,7363
2015-08-17,40.47999954223633,47.040000915527344,34.08000183105469,46.400001525878906,7181
2015-08-18,37.279998779296875,42.560001373291016,37.119998931884766,39.040000915527344,3744
2015-08-19,35.52000045776367,39.68000030517578,34.2400016784668,37.599998474121094,10319
2015-08-20,34.2400016784668,36.31999969482422,33.91999816894531,35.040000915527344,3263
2015-08-21,34.400001525878906,35.20000076293945,32.959999084472656,34.08000183105469,8875
2015-08-24,30.719999313354492,33.599998474121094,27.68000030517578,32.79999923706055,10350
2015-08-25,32.959999084472656,32.959999084472656,24.15999984741211,31.84000015258789,4681
2015-08-26,32.79999923706055,33.439998626708984,31.040000915527344,33.439998626708984,2013
2015-08-27,34.560001373291016,36.15999984741211,32.79999923706055,32.959999084472656,1588
2015-08-28,36.63999938964844,37.7599983215332,35.36000061035156,35.36000061035156,3906
2015-08-31,36.47999954223633,37.599998474121094,36.0,36.31999969482422,2094
2015-09-01,33.599998474121094,36.47999954223633,31.200000762939453,36.0,2181
2015-09-02,33.279998779296875,34.560001373291016,32.31999969482422,33.599998474121094,1394
2015-09-03,32.959999084472656,33.91999816894531,31.84000015258789,33.91999816894531,1288
2015-09-04,34.400001525878906,34.400001525878906,32.31999969482422,33.119998931884766,7594
2015-09-08,33.599998474121094,35.52000045776367,32.959999084472656,34.560001373291016,1819
2015-09-09,33.439998626708984,36.63999938964844,32.959999084472656,34.400001525878906,1381
2015-09-10,33.119998931884766,34.880001068115234,32.63999938964844,33.7599983215332,2019
2015-09-11,34.720001220703125,35.52000045776367,31.360000610351562,33.279998779296875,3494
2015-09-14,34.560001373291016,35.36000061035156,32.79999923706055,35.20000076293945,475
2015-09-15,32.959999084472656,35.84000015258789,32.31999969482422,35.52000045776367,1725
2015-09-16,32.47999954223633,36.63999938964844,32.31999969482422,32.79999923706055,538
2015-09-17,33.439998626708984,33.91999816894531,31.360000610351562,33.439998626708984,12794
2015-09-18,34.400001525878906,35.20000076293945,32.47999954223633,32.47999954223633,16994
2015-09-21,35.68000030517578,36.0,34.400001525878906,34.720001220703125,594
2015-09-22,36.0,44.79999923706055,34.720001220703125,34.880001068115234,8038
2015-09-23,35.040000915527344,37.119998931884766,32.15999984741211,35.36000061035156,4125
2015-09-24,35.040000915527344,36.0,32.959999084472656,34.400001525878906,1300
2015-09-25,34.400001525878906,35.20000076293945,33.91999816894531,35.20000076293945,519
2015-09-28,32.959999084472656,36.47999954223633,30.719999313354492,33.91999816894531,6763
2015-09-29,29.920000076293945,33.7599983215332,24.959999084472656,32.63999938964844,3475
2015-09-30,29.600000381469727,32.31999969482422,28.479999542236328,32.31999969482422,1025
2015-10-01,28.799999237060547,35.20000076293945,28.0,29.1200008392334,1806
2015-10-02,29.440000534057617,33.439998626708984,27.68000030517578,27.68000030517578,1788
2015-10-05,30.399999618530273,31.200000762939453,27.68000030517578,29.600000381469727,1488
2015-10-06,29.920000076293945,31.84000015258789,29.600000381469727,30.8799991607666,1444
2015-10-07,30.8799991607666,32.63999938964844,30.559999465942383,30.559999465942383,3863
2015-10-08,32.0,33.279998779296875,30.8799991607666,31.040000915527344,3556
2015-10-09,31.68000030517578,32.0,31.68000030517578,32.0,700
2015-10-12,31.68000030517578,32.47999954223633,31.200000762939453,31.84000015258789,1313
2015-10-13,30.719999313354492,31.84000015258789,28.799999237060547,31.84000015258789,2600
2015-10-14,29.760000228881836,31.040000915527344,29.440000534057617,31.040000915527344,1250
2015-10-15,29.600000381469727,31.68000030517578,29.600000381469727,30.559999465942383,2644
2015-10-16,30.719999313354492,32.79999923706055,29.600000381469727,30.239999771118164,969
2015-10-19,30.399999618530273,31.68000030517578,29.600000381469727,30.719999313354492,3050
2015-10-20,29.280000686645508,30.399999618530273,26.239999771118164,30.079999923706055,13756
2015-10-21,28.639999389648438,29.920000076293945,27.520000457763672,28.799999237060547,3806
2015-10-22,28.959999084472656,30.239999771118164,28.799999237060547,29.280000686645508,1269
2015-10-23,28.479999542236328,29.1200008392334,28.15999984741211,29.1200008392334,769
2015-10-26,27.520000457763672,29.600000381469727,27.520000457763672,28.15999984741211,1700
2015-10-27,26.559999465942383,29.280000686645508,26.079999923706055,27.68000030517578,7900
2015-10-28,28.31999969482422,28.31999969482422,27.200000762939453,27.200000762939453,313
2015-10-29,28.0,28.959999084472656,26.719999313354492,27.520000457763672,2125
2015-10-30,27.360000610351562,28.479999542236328,26.8799991607666,28.15999984741211,1538
2015-11-02,27.200000762939453,28.479999542236328,26.239999771118164,26.399999618530273,963
2015-11-03,26.8799991607666,28.0,25.760000228881836,26.399999618530273,1469
2015-11-04,27.200000762939453,27.200000762939453,26.239999771118164,26.239999771118164,944
2015-11-05,27.360000610351562,27.84000015258789,26.399999618530273,26.559999465942383,2169
2015-11-06,27.200000762939453,27.84000015258789,26.399999618530273,26.8799991607666,2831
2015-11-09,27.200000762939453,27.520000457763672,26.399999618530273,27.200000762939453,3813
2015-11-10,24.479999542236328,27.200000762939453,24.479999542236328,27.200000762939453,6625
2015-11-11,23.68000030517578,25.600000381469727,23.520000457763672,25.600000381469727,2613
2015-11-12,23.520000457763672,24.479999542236328,22.239999771118164,23.68000030517578,3400
2015-11-13,21.440000534057617,23.200000762939453,21.440000534057617,23.200000762939453,2281
2015-11-16,22.399999618530273,22.559999465942383,21.1200008392334,21.1200008392334,4831
2015-11-17,26.079999923706055,28.799999237060547,22.399999618530273,24.0,41725
2015-11-18,27.200000762939453,28.15999984741211,24.639999389648438,25.1200008392334,14750
2015-11-19,27.84000015258789,28.799999237060547,26.719999313354492,27.520000457763672,5219
2015-11-20,23.68000030517578,26.8799991607666,22.8799991607666,26.399999618530273,2150
2015-11-23,25.600000381469727,26.239999771118164,22.399999618530273,23.520000457763672,2844
2015-11-24,28.31999969482422,28.479999542236328,25.920000076293945,25.920000076293945,6969
2015-11-25,29.920000076293945,30.559999465942383,27.68000030517578,28.0,4238
2015-11-27,28.0,30.559999465942383,28.0,30.559999465942383,4738
2015-11-30,27.84000015258789,28.639999389648438,26.8799991607666,28.0,1738
2015-12-01,29.280000686645508,29.280000686645508,27.68000030517578,28.0,1094
2015-12-02,29.760000228881836,31.040000915527344,28.959999084472656,28.959999084472656,3231
2015-12-03,29.440000534057617,30.719999313354492,28.15999984741211,29.1200008392334,381
2015-12-04,30.079999923706055,31.040000915527344,28.639999389648438,30.239999771118164,1300
2015-12-07,28.479999542236328,31.520000457763672,28.15999984741211,30.719999313354492,5300
2015-12-08,26.399999618530273,31.200000762939453,26.079999923706055,31.200000762939453,1950
2015-12-09,25.760000228881836,27.040000915527344,24.479999542236328,26.8799991607666,750
2015-12-10,28.31999969482422,28.31999969482422,25.1200008392334,27.040000915527344,1088
2015-12-11,26.079999923706055,29.440000534057617,25.760000228881836,29.440000534057617,1994
2015-12-14,25.760000228881836,27.360000610351562,24.639999389648438,26.559999465942383,6481
2015-12-15,24.0,26.079999923706055,23.040000915527344,25.920000076293945,1950
2015-12-16,23.360000610351562,25.440000534057617,23.200000762939453,25.440000534057617,1294
2015-12-17,26.399999618530273,26.8799991607666,23.520000457763672,23.84000015258789,3413
2015-12-18,26.239999771118164,31.040000915527344,24.639999389648438,26.399999618530273,4513
2015-12-21,25.920000076293945,26.559999465942383,24.479999542236328,26.399999618530273,6731
2015-12-22,25.600000381469727,26.559999465942383,24.0,25.280000686645508,944
2015-12-23,25.920000076293945,26.8799991607666,25.920000076293945,26.8799991607666,1938
2015-12-24,26.399999618530273,26.559999465942383,25.760000228881836,25.920000076293945,331
2015-12-28,22.8799991607666,26.399999618530273,22.239999771118164,26.399999618530273,4863
2015-12-29,24.639999389648438,25.440000534057617,22.8799991607666,22.8799991607666,1100
2015-12-30,25.920000076293945,26.399999618530273,24.799999237060547,24.799999237060547,7119
2015-12-31,25.600000381469727,26.239999771118164,25.280000686645508,25.280000686645508,1169
2016-01-04,25.440000534057617,26.239999771118164,25.440000534057617,26.239999771118164,1925
2016-01-05,24.959999084472656,25.600000381469727,24.959999084472656,25.600000381469727,381
2016-01-06,26.8799991607666,32.959999084472656,24.479999542236328,24.479999542236328,9675
2016-01-07,26.719999313354492,27.360000610351562,25.760000228881836,27.360000610351562,888
2016-01-08,26.079999923706055,26.719999313354492,25.920000076293945,26.719999313354492,456
2016-01-11,24.959999084472656,26.559999465942383,24.479999542236328,26.559999465942383,350
2016-01-12,24.639999389648438,25.440000534057617,24.479999542236328,24.639999389648438,588
2016-01-13,24.639999389648438,25.280000686645508,20.639999389648438,24.799999237060547,6944
2016-01-14,24.799999237060547,27.68000030517578,21.760000228881836,26.8799991607666,9081
2016-01-15,24.31999969482422,25.1200008392334,22.8799991607666,24.15999984741211,800
2016-01-19,25.600000381469727,27.040000915527344,22.399999618530273,24.799999237060547,7781
2016-01-20,23.84000015258789,26.079999923706055,22.399999618530273,25.920000076293945,11319
2016-01-21,24.799999237060547,25.600000381469727,23.84000015258789,24.0,1900
2016-01-22,27.84000015258789,28.479999542236328,25.440000534057617,25.440000534057617,1831
2016-01-25,25.920000076293945,27.84000015258789,25.920000076293945,27.360000610351562,438
2016-01-26,28.0,28.959999084472656,26.719999313354492,28.959999084472656,1050
2016-01-27,28.959999084472656,30.559999465942383,27.84000015258789,27.84000015258789,4238
2016-01-28,28.799999237060547,30.559999465942383,27.360000610351562,30.559999465942383,1206
2016-01-29,28.799999237060547,29.600000381469727,28.799999237060547,29.600000381469727,450
2016-02-01,30.719999313354492,30.719999313354492,27.84000015258789,27.84000015258789,2219
2016-02-02,29.920000076293945,30.079999923706055,28.799999237060547,28.799999237060547,1181
2016-02-03,32.79999923706055,32.79999923706055,29.440000534057617,29.920000076293945,2869
2016-02-04,35.20000076293945,37.119998931884766,33.439998626708984,33.91999816894531,6094
2016-02-05,38.560001373291016,45.91999816894531,33.7599983215332,34.720001220703125,4381
2016-02-08,36.959999084472656,38.880001068115234,33.91999816894531,38.880001068115234,1569
2016-02-09,36.0,38.400001525878906,35.52000045776367,38.400001525878906,1256
2016-02-10,35.040000915527344,36.0,32.959999084472656,33.439998626708984,350
2016-02-11,34.560001373291016,35.040000915527344,33.439998626708984,35.040000915527344,2250
2016-02-12,35.040000915527344,35.36000061035156,33.599998474121094,35.20000076293945,1213
2016-02-16,35.20000076293945,38.880001068115234,34.880001068115234,35.20000076293945,963
2016-02-17,38.2400016784668,38.2400016784668,36.31999969482422,36.31999969482422,725
2016-02-18,38.2400016784668,38.880001068115234,36.31999969482422,38.720001220703125,794
2016-02-19,38.2400016784668,38.880001068115234,36.31999969482422,36.31999969482422,363
2016-02-22,38.560001373291016,38.880001068115234,35.52000045776367,35.52000045776367,406
2016-02-23,36.959999084472656,37.91999816894531,36.15999984741211,37.91999816894531,450
2016-02-24,36.959999084472656,38.2400016784668,33.439998626708984,36.79999923706055,4000
2016-02-25,37.279998779296875,38.08000183105469,36.63999938964844,37.91999816894531,531
2016-02-26,36.63999938964844,37.279998779296875,34.400001525878906,34.400001525878906,1088
2016-02-29,35.20000076293945,37.279998779296875,35.20000076293945,36.47999954223633,2475
2016-03-01,36.959999084472656,37.279998779296875,36.0,36.0,2244
2016-03-02,36.15999984741211,36.959999084472656,35.68000030517578,36.959999084472656,663
2016-03-03,34.560001373291016,36.47999954223633,30.719999313354492,36.47999954223633,16363
2016-03-04,31.520000457763672,33.7599983215332,27.360000610351562,33.7599983215332,13850
2016-03-07,31.200000762939453,34.720001220703125,27.68000030517578,33.599998474121094,9463
2016-03-08,31.68000030517578,33.599998474121094,29.1200008392334,31.520000457763672,4694
2016-03-09,31.360000610351562,33.91999816894531,30.719999313354492,31.360000610351562,1994
2016-03-10,32.63999938964844,33.439998626708984,31.360000610351562,33.119998931884766,813
2016-03-11,32.0,32.959999084472656,31.84000015258789,32.15999984741211,3294
2016-03-14,32.47999954223633,32.47999954223633,30.8799991607666,31.520000457763672,2050
2016-03-15,29.760000228881836,32.63999938964844,29.760000228881836,31.360000610351562,1850
2016-03-16,32.31999969482422,32.31999969482422,30.719999313354492,30.8799991607666,2013
2016-03-17,32.31999969482422,34.560001373291016,32.0,32.15999984741211,650
2016-03-18,31.84000015258789,33.599998474121094,30.719999313354492,33.439998626708984,875
2016-03-21,32.15999984741211,32.47999954223633,31.84000015258789,32.47999954223633,1044
2016-03-22,32.79999923706055,34.560001373291016,30.559999465942383,30.559999465942383,2281
2016-03-23,35.040000915527344,36.79999923706055,32.0,32.0,6169
2016-03-24,33.439998626708984,34.880001068115234,32.47999954223633,34.560001373291016,2344
2016-03-28,32.959999084472656,33.119998931884766,32.0,32.0,888
2016-03-29,32.79999923706055,33.599998474121094,32.47999954223633,32.47999954223633,1025
2016-03-30,32.79999923706055,33.599998474121094,32.15999984741211,32.15999984741211,969
2016-03-31,31.84000015258789,33.599998474121094,31.68000030517578,33.279998779296875,1344
2016-04-01,31.520000457763672,34.2400016784668,31.360000610351562,31.68000030517578,1656
2016-04-04,31.360000610351562,32.47999954223633,30.559999465942383,31.040000915527344,2113
2016-04-05,30.559999465942383,31.68000030517578,30.399999618530273,30.399999618530273,638
2016-04-06,30.399999618530273,31.200000762939453,28.799999237060547,31.040000915527344,656
2016-04-07,30.8799991607666,32.79999923706055,30.719999313354492,31.360000610351562,75
2016-04-08,30.399999618530273,32.15999984741211,30.079999923706055,30.559999465942383,931
2016-04-11,30.559999465942383,31.040000915527344,28.959999084472656,30.8799991607666,1513
2016-04-12,31.520000457763672,31.520000457763672,30.399999618530273,30.8799991607666,538
2016-04-13,30.719999313354492,31.360000610351562,30.719999313354492,30.8799991607666,163
2016-04-14,30.399999618530273,31.360000610351562,30.399999618530273,30.719999313354492,688
2016-04-15,29.600000381469727,30.719999313354492,29.600000381469727,30.399999618530273,800
2016-04-18,30.399999618530273,32.63999938964844,30.079999923706055,30.239999771118164,2556
2016-04-19,29.920000076293945,41.91999816894531,26.399999618530273,31.360000610351562,79919
2016-04-20,28.15999984741211,29.1200008392334,26.079999923706055,29.1200008392334,7556
2016-04-21,31.040000915527344,31.68000030517578,28.479999542236328,29.1200008392334,11263
2016-04-22,29.920000076293945,31.200000762939453,28.31999969482422,28.31999969482422,3119
2016-04-25,28.15999984741211,30.079999923706055,27.200000762939453,30.079999923706055,2625
2016-04-26,29.280000686645508,29.440000534057617,27.200000762939453,28.15999984741211,1581
2016-04-27,28.959999084472656,29.760000228881836,27.360000610351562,28.799999237060547,2813
2016-04-28,29.1200008392334,30.239999771118164,28.799999237060547,29.1200008392334,950
2016-04-29,28.639999389648438,29.280000686645508,27.360000610351562,28.799999237060547,4213
2016-05-02,27.68000030517578,29.280000686645508,27.68000030517578,28.0,9606
2016-05-03,28.479999542236328,28.479999542236328,27.200000762939453,27.200000762939453,1719
2016-05-04,27.68000030517578,28.479999542236328,27.360000610351562,27.360000610351562,2106
2016-05-05,26.719999313354492,28.31999969482422,26.239999771118164,27.520000457763672,4938
2016-05-06,26.239999771118164,27.520000457763672,22.559999465942383,26.719999313354492,1606
2016-05-09,26.239999771118164,27.200000762939453,25.920000076293945,27.200000762939453,12388
2016-05-10,27.040000915527344,27.200000762939453,26.239999771118164,27.040000915527344,3394
2016-05-11,27.200000762939453,27.200000762939453,25.760000228881836,26.399999618530273,5706
2016-05-12,29.600000381469727,30.399999618530273,26.8799991607666,27.200000762939453,10906
2016-05-13,31.040000915527344,32.0,29.440000534057617,32.0,6875
2016-05-16,34.2400016784668,34.880001068115234,30.399999618530273,30.399999618530273,21688
2016-05-17,36.0,37.439998626708984,34.720001220703125,35.36000061035156,8844
2016-05-18,34.08000183105469,36.959999084472656,33.279998779296875,36.0,6644
2016-05-19,35.20000076293945,35.52000045776367,32.15999984741211,34.2400016784668,3275
2016-05-20,36.0,36.47999954223633,33.91999816894531,34.720001220703125,1719
2016-05-23,35.36000061035156,37.91999816894531,34.400001525878906,35.68000030517578,3256
2016-05-24,36.47999954223633,38.400001525878906,36.31999969482422,38.08000183105469,1519
2016-05-25,37.7599983215332,38.400001525878906,36.959999084472656,36.959999084472656,2531
2016-05-26,41.7599983215332,44.0,37.439998626708984,37.439998626708984,30763
2016-05-27,42.880001068115234,45.119998931884766,41.439998626708984,43.52000045776367,4363
2016-05-31,42.880001068115234,43.52000045776367,41.7599983215332,41.7599983215332,2744
2016-06-01,45.599998474121094,46.880001068115234,43.20000076293945,44.0,5606
2016-06-02,45.119998931884766,46.560001373291016,44.63999938964844,45.91999816894531,5113
2016-06-03,44.31999969482422,45.7599983215332,43.52000045776367,45.7599983215332,3269
2016-06-06,44.63999938964844,46.2400016784668,44.15999984741211,44.63999938964844,3769
2016-06-07,43.84000015258789,46.08000183105469,42.560001373291016,45.7599983215332,4106
2016-06-08,45.279998779296875,46.08000183105469,43.68000030517578,43.68000030517578,2919
2016-06-09,43.84000015258789,46.2400016784668,42.880001068115234,45.599998474121094,3375
2016-06-10,43.20000076293945,45.599998474121094,41.91999816894531,42.720001220703125,12550
2016-06-13,41.439998626708984,44.47999954223633,39.68000030517578,43.20000076293945,3125
2016-06-14,40.79999923706055,42.720001220703125,39.20000076293945,41.119998931884766,6744
2016-06-15,41.599998474121094,41.599998474121094,39.20000076293945,40.79999923706055,3463
2016-06-16,37.91999816894531,41.7599983215332,35.68000030517578,41.7599983215332,8963
2016-06-17,41.279998779296875,41.439998626708984,36.63999938964844,39.20000076293945,1963
2016-06-20,38.720001220703125,41.439998626708984,38.560001373291016,40.63999938964844,3413
2016-06-21,39.84000015258789,41.119998931884766,38.2400016784668,38.880001068115234,1456
2016-06-22,41.91999816894531,41.91999816894531,40.0,40.0,1513
2016-06-23,43.040000915527344,43.040000915527344,38.560001373291016,42.08000183105469,4613
2016-06-24,41.279998779296875,42.560001373291016,40.0,42.2400016784668,3144
2016-06-27,40.31999969482422,41.119998931884766,37.7599983215332,40.63999938964844,1650
2016-06-28,42.720001220703125,43.20000076293945,40.79999923706055,40.79999923706055,3338
2016-06-29,44.0,44.31999969482422,42.08000183105469,42.400001525878906,1375
2016-06-30,43.84000015258789,44.31999969482422,43.52000045776367,44.0,825
2016-07-01,44.63999938964844,45.7599983215332,43.20000076293945,44.79999923706055,3456
2016-07-05,44.47999954223633,44.79999923706055,43.36000061035156,44.31999969482422,613
2016-07-06,43.84000015258789,44.0,42.720001220703125,43.68000030517578,1500
2016-07-07,43.20000076293945,43.68000030517578,41.439998626708984,43.52000045776367,1950
2016-07-08,43.040000915527344,43.20000076293945,42.08000183105469,42.2400016784668,700
2016-07-11,43.040000915527344,43.36000061035156,41.279998779296875,41.439998626708984,2075
2016-07-12,44.0,45.279998779296875,42.08000183105469,43.040000915527344,1694
2016-07-13,45.119998931884766,45.119998931884766,43.20000076293945,44.15999984741211,863
2016-07-14,47.84000015258789,47.84000015258789,41.599998474121094,45.119998931884766,2519
2016-07-15,49.599998474121094,49.7599983215332,47.20000076293945,47.68000030517578,9350
2016-07-18,49.599998474121094,50.08000183105469,48.63999938964844,50.08000183105469,2156
2016-07-19,49.119998931884766,49.119998931884766,46.08000183105469,48.79999923706055,6694
2016-07-20,48.15999984741211,48.79999923706055,47.84000015258789,48.0,4475
2016-07-21,48.63999938964844,49.119998931884766,48.15999984741211,48.47999954223633,800
2016-07-22,49.279998779296875,49.279998779296875,46.560001373291016,48.63999938964844,1200
2016-07-25,49.279998779296875,49.279998779296875,48.63999938964844,48.63999938964844,1331
2016-07-26,48.0,49.279998779296875,46.880001068115234,49.279998779296875,3719
2016-07-27,49.279998779296875,49.279998779296875,48.0,48.31999969482422,1313
2016-07-28,49.119998931884766,49.279998779296875,48.15999984741211,49.119998931884766,1256
2016-07-29,47.36000061035156,48.0,47.36000061035156,47.52000045776367,294
2016-08-01,47.36000061035156,48.15999984741211,46.560001373291016,46.880001068115234,794
2016-08-02,47.20000076293945,48.15999984741211,47.040000915527344,48.0,556
2016-08-03,46.400001525878906,48.31999969482422,44.79999923706055,46.720001220703125,2231
2016-08-04,45.279998779296875,45.91999816894531,45.279998779296875,45.91999816894531,150
2016-08-05,46.560001373291016,47.36000061035156,44.79999923706055,45.439998626708984,1719
2016-08-08,47.040000915527344,48.47999954223633,47.040000915527344,47.040000915527344,138
2016-08-09,48.0,48.47999954223633,46.560001373291016,47.68000030517578,1300
2016-08-10,46.400001525878906,47.52000045776367,46.400001525878906,47.52000045776367,669
2016-08-11,45.599998474121094,48.15999984741211,45.599998474121094,46.2400016784668,1494
2016-08-12,48.63999938964844,48.959999084472656,46.720001220703125,46.720001220703125,5131
2016-08-15,48.47999954223633,51.68000030517578,46.720001220703125,49.119998931884766,12306
2016-08-16,48.47999954223633,55.040000915527344,47.040000915527344,50.560001373291016,13231
2016-08-17,47.36000061035156,48.15999984741211,45.279998779296875,48.15999984741211,5594
2016-08-18,47.84000015258789,48.15999984741211,46.400001525878906,46.400001525878906,7519
2016-08-19,47.040000915527344,48.15999984741211,45.91999816894531,48.15999984741211,2463
2016-08-22,45.91999816894531,47.20000076293945,45.279998779296875,45.7599983215332,1144
2016-08-23,47.20000076293945,47.20000076293945,44.15999984741211,46.2400016784668,3006
2016-08-24,45.599998474121094,47.52000045776367,44.15999984741211,47.52000045776367,1363
2016-08-25,45.599998474121094,46.400001525878906,44.15999984741211,46.2400016784668,1550
2016-08-26,46.880001068115234,46.880001068115234,43.20000076293945,43.36000061035156,2288
2016-08-29,46.400001525878906,46.720001220703125,45.91999816894531,46.400001525878906,363
2016-08-30,46.720001220703125,46.720001220703125,45.91999816894531,46.08000183105469,838
2016-08-31,46.08000183105469,46.720001220703125,45.599998474121094,46.400001525878906,1669
2016-09-01,47.84000015258789,47.84000015258789,45.119998931884766,45.119998931884766,425
2016-09-02,46.400001525878906,47.52000045776367,45.91999816894531,46.720001220703125,1844
2016-09-06,46.400001525878906,47.36000061035156,46.2400016784668,47.36000061035156,2813
2016-09-07,45.279998779296875,47.040000915527344,44.47999954223633,45.7599983215332,5988
2016-09-08,47.040000915527344,47.040000915527344,45.439998626708984,45.439998626708984,1069
2016-09-09,45.119998931884766,46.400001525878906,44.79999923706055,46.400001525878906,625
2016-09-12,46.2400016784668,47.68000030517578,44.959999084472656,46.560001373291016,213
2016-09-13,45.599998474121094,45.599998474121094,44.959999084472656,45.599998474121094,300
2016-09-14,46.2400016784668,46.2400016784668,44.79999923706055,44.959999084472656,1025
2016-09-15,46.08000183105469,46.400001525878906,44.79999923706055,45.7599983215332,1813
2016-09-16,44.79999923706055,47.68000030517578,44.79999923706055,46.2400016784668,2794
2016-09-19,45.279998779296875,46.560001373291016,44.63999938964844,44.63999938964844,506
2016-09-20,44.31999969482422,45.599998474121094,41.439998626708984,45.599998474121094,2275
2016-09-21,44.0,44.31999969482422,43.040000915527344,44.31999969482422,1488
2016-09-22,43.68000030517578,45.439998626708984,42.720001220703125,43.68000030517578,4806
2016-09-23,45.119998931884766,45.119998931884766,43.36000061035156,43.84000015258789,406
2016-09-26,44.15999984741211,44.79999923706055,43.20000076293945,44.79999923706055,1469
2016-09-27,44.63999938964844,45.119998931884766,44.0,44.63999938964844,306
2016-09-28,43.20000076293945,45.119998931884766,43.20000076293945,44.63999938964844,1081
2016-09-29,42.880001068115234,44.959999084472656,42.720001220703125,42.720001220703125,581
2016-09-30,44.959999084472656,44.959999084472656,43.20000076293945,43.84000015258789,713
2016-10-03,44.47999954223633,44.959999084472656,43.36000061035156,44.959999084472656,575
2016-10-04,43.040000915527344,44.63999938964844,42.2400016784668,44.15999984741211,994
2016-10-05,42.400001525878906,43.52000045776367,39.84000015258789,42.720001220703125,975
2016-10-06,39.68000030517578,40.79999923706055,39.040000915527344,40.0,2750
2016-10-07,38.720001220703125,42.08000183105469,35.84000015258789,39.52000045776367,2025
2016-10-10,38.560001373291016,38.880001068115234,36.15999984741211,36.63999938964844,1200
2016-10-11,38.08000183105469,40.15999984741211,38.08000183105469,40.15999984741211,169
2016-10-12,38.08000183105469,38.2400016784668,37.91999816894531,37.91999816894531,513
2016-10-13,38.560001373291016,39.84000015258789,35.20000076293945,38.08000183105469,3694
2016-10-14,39.52000045776367,42.880001068115234,38.2400016784668,39.20000076293945,2513
2016-10-17,37.7599983215332,38.720001220703125,37.119998931884766,37.91999816894531,644
2016-10-18,37.119998931884766,38.400001525878906,36.79999923706055,37.439998626708984,1575
2016-10-19,37.279998779296875,38.400001525878906,36.15999984741211,38.400001525878906,1800
2016-10-20,36.0,36.79999923706055,33.439998626708984,35.84000015258789,2000
2016-10-21,37.279998779296875,37.91999816894531,32.63999938964844,36.0,9263
2016-10-24,39.68000030517578,41.119998931884766,37.599998474121094,37.599998474121094,4963
2016-10-25,37.7599983215332,40.47999954223633,36.47999954223633,40.47999954223633,888
2016-10-26,35.52000045776367,39.68000030517578,35.20000076293945,39.68000030517578,1175
2016-10-27,35.040000915527344,36.0,35.040000915527344,36.0,463
2016-10-28,36.63999938964844,37.599998474121094,33.279998779296875,34.560001373291016,4094
2016-10-31,35.20000076293945,37.599998474121094,34.400001525878906,36.15999984741211,4738
2016-11-01,34.720001220703125,41.7599983215332,33.279998779296875,36.31999969482422,9881
2016-11-02,32.47999954223633,36.31999969482422,32.47999954223633,34.400001525878906,4531
2016-11-03,31.360000610351562,32.959999084472656,30.399999618530273,32.63999938964844,2719
2016-11-04,33.7599983215332,33.7599983215332,28.15999984741211,31.84000015258789,3925
2016-11-07,33.599998474121094,33.599998474121094,29.1200008392334,33.599998474121094,10463
2016-11-08,35.040000915527344,38.2400016784668,31.520000457763672,33.279998779296875,3013
2016-11-09,37.119998931884766,41.119998931884766,31.520000457763672,34.08000183105469,2275
2016-11-10,37.279998779296875,37.279998779296875,33.599998474121094,36.959999084472656,1113
2016-11-11,36.79999923706055,36.959999084472656,33.599998474121094,36.79999923706055,1263
2016-11-14,39.20000076293945,39.68000030517578,36.0,36.79999923706055,2563
2016-11-15,37.439998626708984,37.599998474121094,32.0,32.0,7731
2016-11-16,39.040000915527344,39.68000030517578,34.560001373291016,37.439998626708984,5356
2016-11-17,34.720001220703125,39.20000076293945,33.7599983215332,38.400001525878906,19356
2016-11-18,31.200000762939453,36.959999084472656,30.559999465942383,35.68000030517578,8363
2016-11-21,33.599998474121094,34.720001220703125,31.200000762939453,32.0,5125
2016-11-22,31.84000015258789,33.599998474121094,30.399999618530273,33.599998474121094,5869
2016-11-23,29.1200008392334,32.0,26.719999313354492,32.0,12400
2016-11-25,30.239999771118164,30.559999465942383,27.040000915527344,29.280000686645508,606
2016-11-28,29.440000534057617,30.399999618530273,27.360000610351562,30.399999618530273,1838
2016-11-29,29.280000686645508,31.360000610351562,28.959999084472656,28.959999084472656,7213
2016-11-30,28.959999084472656,29.920000076293945,28.31999969482422,29.440000534057617,4700
2016-12-01,28.0,29.280000686645508,27.200000762939453,29.280000686645508,10606
2016-12-02,26.719999313354492,27.520000457763672,26.079999923706055,27.520000457763672,4081
2016-12-05,26.559999465942383,27.84000015258789,25.600000381469727,26.399999618530273,8156
2016-12-06,26.399999618530273,28.0,25.920000076293945,26.719999313354492,3013
2016-12-07,26.399999618530273,27.360000610351562,26.399999618530273,27.360000610351562,3163
2016-12-08,26.8799991607666,27.360000610351562,25.920000076293945,26.719999313354492,5469
2016-12-09,24.639999389648438,26.079999923706055,23.360000610351562,25.920000076293945,31688
2016-12-12,24.639999389648438,24.639999389648438,23.040000915527344,24.31999969482422,14038
2016-12-13,24.799999237060547,24.959999084472656,24.15999984741211,24.479999542236328,7444
2016-12-14,24.31999969482422,25.280000686645508,24.0,24.479999542236328,2550
2016-12-15,24.959999084472656,26.8799991607666,24.639999389648438,24.799999237060547,7600
2016-12-16,27.84000015258789,29.440000534057617,25.280000686645508,25.280000686645508,6919
2016-12-19,28.15999984741211,28.799999237060547,26.719999313354492,27.84000015258789,5613
2016-12-20,27.84000015258789,28.31999969482422,27.200000762939453,28.15999984741211,6800
2016-12-21,26.719999313354492,28.0,24.959999084472656,27.84000015258789,15494
2016-12-22,24.479999542236328,26.079999923706055,24.479999542236328,24.959999084472656,8294
2016-12-23,24.479999542236328,27.84000015258789,24.479999542236328,24.799999237060547,2594
2016-12-27,25.440000534057617,25.600000381469727,24.31999969482422,24.31999969482422,1738
2016-12-28,25.760000228881836,25.760000228881836,24.799999237060547,25.280000686645508,2100
2016-12-29,25.760000228881836,26.399999618530273,25.600000381469727,25.920000076293945,2275
2016-12-30,27.520000457763672,27.84000015258789,25.440000534057617,26.239999771118164,3581
2017-01-03,28.639999389648438,29.760000228881836,25.440000534057617,25.440000534057617,5144
2017-01-04,29.440000534057617,29.920000076293945,28.0,29.440000534057617,3075
2017-01-05,32.79999923706055,32.959999084472656,29.600000381469727,29.600000381469727,7631
2017-01-06,30.399999618530273,33.439998626708984,29.280000686645508,32.0,6675
2017-01-09,30.399999618530273,30.399999618530273,29.600000381469727,30.399999618530273,4463
2017-01-10,29.920000076293945,30.399999618530273,29.600000381469727,29.920000076293945,3656
2017-01-11,30.559999465942383,31.200000762939453,29.600000381469727,29.920000076293945,3738
2017-01-12,32.0,32.47999954223633,30.079999923706055,30.079999923706055,3688
2017-01-13,30.8799991607666,32.15999984741211,30.559999465942383,30.559999465942383,1625
2017-01-17,29.280000686645508,31.84000015258789,29.1200008392334,31.200000762939453,4681
2017-01-18,29.280000686645508,29.280000686645508,28.639999389648438,29.1200008392334,1763
2017-01-19,28.0,29.280000686645508,28.0,28.959999084472656,2206
2017-01-20,28.15999984741211,28.959999084472656,28.0,28.959999084472656,256
2017-01-23,28.479999542236328,28.479999542236328,28.0,28.15999984741211,2706
2017-01-24,33.91999816894531,34.720001220703125,28.31999969482422,28.639999389648438,76669
2017-01-25,34.08000183105469,36.63999938964844,32.15999984741211,34.400001525878906,31825
2017-01-26,33.279998779296875,34.880001068115234,33.119998931884766,34.880001068115234,9400
2017-01-27,30.399999618530273,33.7599983215332,29.760000228881836,33.7599983215332,15288
2017-01-30,30.559999465942383,31.84000015258789,27.200000762939453,31.200000762939453,38975
2017-01-31,28.0,31.200000762939453,27.200000762939453,30.399999618530273,24719
2017-02-01,25.600000381469727,28.799999237060547,25.600000381469727,28.15999984741211,10700
2017-02-02,27.040000915527344,27.200000762939453,25.600000381469727,25.600000381469727,6681
2017-02-03,27.68000030517578,28.15999984741211,26.559999465942383,27.040000915527344,6269
2017-02-06,25.920000076293945,28.959999084472656,25.280000686645508,27.84000015258789,11350
2017-02-07,25.600000381469727,26.8799991607666,25.280000686645508,26.559999465942383,7263
2017-02-08,25.280000686645508,25.760000228881836,24.799999237060547,25.280000686645508,7350
2017-02-09,25.600000381469727,26.079999923706055,24.799999237060547,24.799999237060547,3113
2017-02-10,25.280000686645508,25.920000076293945,24.959999084472656,25.600000381469727,5044
2017-02-13,22.719999313354492,25.600000381469727,22.719999313354492,25.600000381469727,23669
2017-02-14,21.760000228881836,23.68000030517578,20.959999084472656,23.200000762939453,12744
2017-02-15,23.200000762939453,23.520000457763672,21.1200008392334,21.760000228881836,9994
2017-02-16,22.079999923706055,24.639999389648438,22.079999923706055,23.520000457763672,5331
2017-02-17,21.440000534057617,24.31999969482422,20.479999542236328,21.760000228881836,13025
2017-02-21,21.600000381469727,24.0,21.600000381469727,21.760000228881836,18688
2017-02-22,22.239999771118164,23.520000457763672,21.280000686645508,21.920000076293945,6906
2017-02-23,21.760000228881836,22.8799991607666,21.600000381469727,22.8799991607666,1738
2017-02-24,21.600000381469727,23.520000457763672,21.1200008392334,21.600000381469727,13506
2017-02-27,21.920000076293945,23.360000610351562,21.600000381469727,22.079999923706055,14406
2017-02-28,22.399999618530273,22.559999465942383,22.079999923706055,22.559999465942383,3069
2017-03-01,22.079999923706055,22.8799991607666,21.760000228881836,22.8799991607666,4069
2017-03-02,21.440000534057617,22.8799991607666,21.1200008392334,22.8799991607666,3388
2017-03-03,21.600000381469727,21.920000076293945,20.799999237060547,21.920000076293945,2919
2017-03-06,22.8799991607666,23.040000915527344,21.1200008392334,21.1200008392334,2525
2017-03-07,22.399999618530273,23.360000610351562,21.760000228881836,23.360000610351562,2138
2017-03-08,22.399999618530273,22.399999618530273,21.280000686645508,21.920000076293945,4144
2017-03-09,20.959999084472656,22.239999771118164,20.799999237060547,21.920000076293945,4081
2017-03-10,21.1200008392334,22.079999923706055,20.959999084472656,20.959999084472656,2256
2017-03-13,21.1200008392334,22.239999771118164,20.959999084472656,21.440000534057617,1606
2017-03-14,21.440000534057617,22.399999618530273,20.959999084472656,21.1200008392334,2494
2017-03-15,21.1200008392334,22.399999618530273,21.1200008392334,21.920000076293945,2075
2017-03-16,19.520000457763672,21.440000534057617,19.520000457763672,21.1200008392334,7981
2017-03-17,17.1200008392334,19.520000457763672,17.1200008392334,19.200000762939453,8594
2017-03-20,16.799999237060547,18.079999923706055,16.31999969482422,17.1200008392334,12394
2017-03-21,10.399999618530273,17.600000381469727,10.079999923706055,16.799999237060547,48338
2017-03-22,12.0,13.600000381469727,10.720000267028809,13.4399995803833,51938
2017-03-23,11.680000305175781,12.640000343322754,11.199999809265137,12.640000343322754,21919
2017-03-24,13.600000381469727,13.600000381469727,12.0,12.0,32819
2017-03-27,16.959999084472656,18.079999923706055,13.920000076293945,14.239999771118164,44469
2017-03-28,16.799999237060547,18.399999618530273,16.799999237060547,16.959999084472656,32288
2017-03-29,15.520000457763672,17.1200008392334,14.5600004196167,16.799999237060547,12394
2017-03-30,15.199999809265137,16.15999984741211,14.5600004196167,16.15999984741211,9806
2017-03-31,16.31999969482422,19.200000762939453,12.479999542236328,18.559999465942383,53006
2017-04-03,14.399999618530273,16.31999969482422,14.239999771118164,16.15999984741211,9894
2017-04-04,14.720000267028809,15.520000457763672,14.239999771118164,14.239999771118164,5413
2017-04-05,14.399999618530273,15.680000305175781,14.239999771118164,14.880000114440918,8238
2017-04-06,13.119999885559082,14.399999618530273,12.960000038146973,14.079999923706055,14388
2017-04-07,13.279999732971191,14.399999618530273,12.960000038146973,12.960000038146973,3794
2017-04-10,13.600000381469727,14.399999618530273,13.119999885559082,13.279999732971191,6050
2017-04-11,13.4399995803833,14.239999771118164,13.279999732971191,13.600000381469727,6481
2017-04-12,13.4399995803833,14.239999771118164,13.279999732971191,13.600000381469727,2175
2017-04-13,13.4399995803833,13.760000228881836,13.119999885559082,13.600000381469727,4838
2017-04-17,13.279999732971191,13.920000076293945,13.279999732971191,13.600000381469727,1569
2017-04-18,10.239999771118164,13.760000228881836,10.079999923706055,13.279999732971191,68025
2017-04-19,8.640000343322754,10.5600004196167,8.319999694824219,10.079999923706055,48263
2017-04-20,9.119999885559082,9.600000381469727,8.479999542236328,8.479999542236328,22288
2017-04-21,9.600000381469727,9.760000228881836,9.119999885559082,9.4399995803833,14219
2017-04-24,9.600000381469727,9.760000228881836,9.119999885559082,9.119999885559082,7831
2017-04-25,9.760000228881836,9.760000228881836,9.119999885559082,9.279999732971191,8381
2017-04-26,9.4399995803833,9.760000228881836,9.279999732971191,9.760000228881836,5525
2017-04-27,9.4399995803833,9.600000381469727,9.119999885559082,9.119999885559082,10169
2017-04-28,8.640000343322754,9.600000381469727,8.319999694824219,9.4399995803833,6675
2017-05-01,9.279999732971191,9.4399995803833,8.319999694824219,8.800000190734863,4150
2017-05-02,8.640000343322754,9.4399995803833,8.319999694824219,8.640000343322754,2763
2017-05-03,9.119999885559082,9.760000228881836,8.0,8.319999694824219,27188
2017-05-04,8.640000343322754,9.279999732971191,8.0,9.119999885559082,8288
2017-05-05,8.0,8.479999542236328,7.199999809265137,8.319999694824219,7094
2017-05-08,7.679999828338623,8.479999542236328,7.199999809265137,8.319999694824219,13781
2017-05-09,6.71999979019165,8.0,6.71999979019165,7.679999828338623,12600
2017-05-10,6.400000095367432,7.039999961853027,5.760000228881836,7.039999961853027,39488
2017-05-11,6.079999923706055,6.559999942779541,6.079999923706055,6.079999923706055,7569
2017-05-12,5.920000076293945,6.400000095367432,5.119999885559082,5.920000076293945,22563
2017-05-15,6.079999923706055,6.400000095367432,5.440000057220459,6.400000095367432,27025
2017-05-16,5.440000057220459,5.760000228881836,4.480000019073486,5.760000228881836,56019
2017-05-17,4.960000038146973,5.440000057220459,4.800000190734863,5.440000057220459,12581
2017-05-18,4.800000190734863,5.440000057220459,4.480000019073486,4.480000019073486,9375
2017-05-19,4.320000171661377,6.239999771118164,4.0,4.639999866485596,95600
2017-05-22,2.880000114440918,4.800000190734863,2.559999942779541,4.800000190734863,170588
2017-05-23,3.8399999141693115,4.480000019073486,3.0399999618530273,3.359999895095825,123306
2017-05-24,4.480000019073486,6.079999923706055,4.0,4.0,340900
2017-05-25,4.0,5.599999904632568,3.8399999141693115,4.960000038146973,189444
2017-05-26,4.0,4.320000171661377,3.359999895095825,4.159999847412109,58788
2017-05-30,4.0,4.0,3.5199999809265137,3.680000066757202,27525
2017-05-31,3.680000066757202,4.0,3.0399999618530273,3.680000066757202,33475
2017-06-01,3.5199999809265137,3.8399999141693115,3.359999895095825,3.359999895095825,20194
2017-06-02,4.320000171661377,4.960000038146973,3.5199999809265137,3.5199999809265137,157475
2017-06-05,3.5199999809265137,4.320000171661377,3.5199999809265137,4.320000171661377,117531
2017-06-06,3.680000066757202,4.159999847412109,3.359999895095825,3.680000066757202,134644
2017-06-07,3.680000066757202,3.8399999141693115,3.359999895095825,3.8399999141693115,61469
2017-06-08,3.359999895095825,3.680000066757202,3.200000047683716,3.680000066757202,52456
2017-06-09,3.200000047683716,3.5199999809265137,3.0399999618530273,3.5199999809265137,57638
2017-06-12,3.200000047683716,3.200000047683716,2.7200000286102295,2.880000114440918,69988
2017-06-13,3.200000047683716,3.200000047683716,2.880000114440918,3.200000047683716,19006
2017-06-14,2.880000114440918,3.359999895095825,2.7200000286102295,3.0399999618530273,95875
2017-06-15,2.559999942779541,2.880000114440918,2.559999942779541,2.880000114440918,78594
2017-06-16,2.559999942779541,2.7200000286102295,2.4000000953674316,2.7200000286102295,63481
2017-06-19,2.559999942779541,2.7200000286102295,2.240000009536743,2.559999942779541,65388
2017-06-20,2.4000000953674316,2.559999942779541,2.0799999237060547,2.559999942779541,113519
2017-06-21,4.800000190734863,5.440000057220459,2.240000009536743,2.559999942779541,927300
2017-06-22,3.5199999809265137,5.920000076293945,3.5199999809265137,4.480000019073486,953050
2017-06-23,5.440000057220459,7.679999828338623,3.8399999141693115,4.0,2134063
2017-06-26,8.15999984741211,8.800000190734863,5.920000076293945,6.71999979019165,2059113
2017-06-27,7.360000133514404,8.15999984741211,6.71999979019165,8.15999984741211,475525
2017-06-28,6.079999923706055,7.039999961853027,5.760000228881836,6.400000095367432,330406
2017-06-29,6.559999942779541,8.319999694824219,5.119999885559082,6.400000095367432,606488
2017-06-30,6.079999923706055,6.559999942779541,5.760000228881836,6.239999771118164,218163
2017-07-03,5.920000076293945,6.079999923706055,5.760000228881836,6.079999923706055,78869
2017-07-05,5.440000057220459,5.920000076293945,5.28000020980835,5.760000228881836,111381
2017-07-06,6.559999942779541,7.519999980926514,5.440000057220459,5.599999904632568,660388
2017-07-07,5.920000076293945,7.039999961853027,5.760000228881836,7.039999961853027,231763
2017-07-10,6.079999923706055,6.239999771118164,5.760000228881836,6.079999923706055,84444
2017-07-11,5.920000076293945,6.239999771118164,5.599999904632568,6.239999771118164,99150
2017-07-12,5.599999904632568,6.079999923706055,5.440000057220459,5.920000076293945,86731
2017-07-13,5.28000020980835,5.760000228881836,4.800000190734863,5.760000228881836,153863
2017-07-14,5.119999885559082,5.440000057220459,4.800000190734863,5.440000057220459,74350
2017-07-17,4.800000190734863,5.119999885559082,4.639999866485596,5.119999885559082,72650
2017-07-18,4.639999866485596,4.960000038146973,4.639999866485596,4.960000038146973,61088
2017-07-19,4.800000190734863,5.119999885559082,4.480000019073486,5.119999885559082,40488
2017-07-20,4.480000019073486,4.800000190734863,4.480000019073486,4.800000190734863,43813
2017-07-21,4.159999847412109,4.800000190734863,4.159999847412109,4.800000190734863,111138
2017-07-24,4.159999847412109,4.320000171661377,4.0,4.159999847412109,46113
2017-07-25,4.800000190734863,5.119999885559082,4.0,4.320000171661377,186331
2017-07-26,4.320000171661377,5.440000057220459,4.159999847412109,4.639999866485596,172688
2017-07-27,4.159999847412109,4.800000190734863,4.0,4.320000171661377,71138
2017-07-28,4.159999847412109,4.480000019073486,4.159999847412109,4.320000171661377,30219
2017-07-31,4.960000038146973,5.119999885559082,4.320000171661377,4.320000171661377,192894
2017-08-01,4.639999866485596,5.119999885559082,4.480000019073486,5.119999885559082,70088
2017-08-02,4.159999847412109,4.639999866485596,4.159999847412109,4.480000019073486,67725
2017-08-03,4.320000171661377,4.800000190734863,4.159999847412109,4.480000019073486,55900
2017-08-04,4.320000171661377,4.480000019073486,4.320000171661377,4.320000171661377,19369
2017-08-07,4.320000171661377,4.480000019073486,4.159999847412109,4.320000171661377,19119
2017-08-08,4.320000171661377,4.639999866485596,4.159999847412109,4.320000171661377,42181
2017-08-09,4.320000171661377,4.639999866485596,4.159999847412109,4.480000019073486,38494
2017-08-10,4.0,4.159999847412109,3.5199999809265137,3.8399999141693115,84763
2017-08-11,4.0,4.159999847412109,3.680000066757202,3.8399999141693115,18144
2017-08-14,4.480000019073486,4.480000019073486,3.8399999141693115,4.159999847412109,56206
2017-08-15,4.159999847412109,4.480000019073486,3.8399999141693115,4.480000019073486,79844
2017-08-16,4.159999847412109,4.320000171661377,4.0,4.159999847412109,57694
2017-08-17,4.159999847412109,4.320000171661377,4.0,4.159999847412109,51456
2017-08-18,4.960000038146973,5.119999885559082,4.0,4.320000171661377,189425
2017-08-21,4.639999866485596,4.800000190734863,4.159999847412109,4.800000190734863,64831
2017-08-22,4.320000171661377,4.639999866485596,4.320000171661377,4.639999866485596,35050
2017-08-23,4.320000171661377,4.639999866485596,4.320000171661377,4.480000019073486,40994
2017-08-24,4.480000019073486,4.960000038146973,4.320000171661377,4.320000171661377,105138
2017-08-25,4.639999866485596,4.800000190734863,4.480000019073486,4.639999866485596,28538
2017-08-28,5.28000020980835,5.760000228881836,4.480000019073486,4.480000019073486,174625
2017-08-29,6.079999923706055,6.71999979019165,5.28000020980835,5.28000020980835,377963
2017-08-30,5.920000076293945,6.079999923706055,5.599999904632568,5.920000076293945,108250
2017-08-31,7.039999961853027,7.679999828338623,5.599999904632568,5.920000076293945,465000
2017-09-01,6.559999942779541,8.0,6.400000095367432,7.039999961853027,474581
2017-09-05,6.239999771118164,6.880000114440918,6.079999923706055,6.880000114440918,85813
2017-09-06,6.71999979019165,7.039999961853027,6.400000095367432,6.400000095367432,88969
2017-09-07,6.559999942779541,6.71999979019165,6.239999771118164,6.400000095367432,56713
2017-09-08,7.039999961853027,7.519999980926514,6.559999942779541,6.559999942779541,252806
2017-09-11,6.239999771118164,7.039999961853027,6.239999771118164,7.039999961853027,84813
2017-09-12,5.920000076293945,6.559999942779541,5.599999904632568,6.559999942779541,107550
2017-09-13,5.760000228881836,5.920000076293945,5.599999904632568,5.599999904632568,40244
2017-09-14,6.079999923706055,6.079999923706055,5.440000057220459,5.599999904632568,65950
2017-09-15,5.920000076293945,6.239999771118164,5.920000076293945,6.079999923706055,35050
2017-09-18,5.760000228881836,6.079999923706055,5.599999904632568,5.760000228881836,36494
2017-09-19,5.440000057220459,5.760000228881836,5.440000057220459,5.760000228881836,56731
2017-09-20,6.079999923706055,6.079999923706055,5.440000057220459,5.599999904632568,71169
2017-09-21,6.239999771118164,6.559999942779541,5.599999904632568,5.599999904632568,54956
2017-09-22,6.400000095367432,6.400000095367432,6.079999923706055,6.400000095367432,31969
2017-09-25,6.239999771118164,6.880000114440918,5.920000076293945,6.400000095367432,49013
2017-09-26,7.679999828338623,8.0,5.920000076293945,6.239999771118164,425419
2017-09-27,8.15999984741211,8.960000038146973,6.71999979019165,7.360000133514404,923494
2017-09-28,7.519999980926514,9.279999732971191,7.199999809265137,8.319999694824219,434569
2017-09-29,6.880000114440918,7.840000152587891,6.71999979019165,7.199999809265137,189063
2017-10-02,7.199999809265137,7.360000133514404,6.71999979019165,6.880000114440918,64319
2017-10-03,7.199999809265137,7.519999980926514,7.039999961853027,7.039999961853027,89675
2017-10-04,7.039999961853027,7.360000133514404,6.559999942779541,7.199999809265137,95844
2017-10-05,6.71999979019165,7.199999809265137,6.559999942779541,7.199999809265137,67581
2017-10-06,6.559999942779541,6.880000114440918,6.079999923706055,6.71999979019165,60906
2017-10-09,6.239999771118164,6.559999942779541,6.079999923706055,6.400000095367432,58163
2017-10-10,6.559999942779541,6.71999979019165,6.239999771118164,6.559999942779541,39931
2017-10-11,6.400000095367432,6.71999979019165,6.400000095367432,6.400000095367432,27156
2017-10-12,6.400000095367432,6.71999979019165,6.079999923706055,6.400000095367432,38538
2017-10-13,6.400000095367432,6.559999942779541,6.239999771118164,6.239999771118164,20156
2017-10-16,6.559999942779541,7.039999961853027,6.400000095367432,6.400000095367432,46875
2017-10-17,6.400000095367432,6.71999979019165,6.239999771118164,6.71999979019165,32119
2017-10-18,6.079999923706055,6.71999979019165,5.599999904632568,6.400000095367432,108938
2017-10-19,5.920000076293945,6.400000095367432,5.760000228881836,6.079999923706055,31969
2017-10-20,6.079999923706055,6.400000095367432,5.760000228881836,5.920000076293945,55344
2017-10-23,5.920000076293945,6.400000095367432,5.760000228881836,6.079999923706055,24406
2017-10-24,5.920000076293945,6.079999923706055,5.920000076293945,5.920000076293945,15263
2017-10-25,6.71999979019165,7.360000133514404,5.760000228881836,5.920000076293945,212588
2017-10-26,6.400000095367432,7.039999961853027,6.239999771118164,7.039999961853027,67725
2017-10-27,5.599999904632568,6.559999942779541,4.0,6.239999771118164,143956
2017-10-30,6.400000095367432,7.199999809265137,4.360000133514404,5.519999980926514,220800
2017-10-31,6.159999847412109,6.400000095367432,5.800000190734863,6.119999885559082,62425
2017-11-01,7.360000133514404,7.960000038146973,6.0,6.119999885559082,191300
2017-11-02,5.960000038146973,9.239999771118164,5.800000190734863,8.600000381469727,1040975
2017-11-03,5.760000228881836,6.0,5.28000020980835,5.880000114440918,159475
2017-11-06,5.71999979019165,5.760000228881836,5.400000095367432,5.71999979019165,71550
2017-11-07,5.599999904632568,6.28000020980835,5.400000095367432,5.639999866485596,250400
2017-11-08,5.199999809265137,5.71999979019165,4.760000228881836,5.519999980926514,143350
2017-11-09,5.239999771118164,5.440000057220459,5.039999961853027,5.159999847412109,63850
2017-11-10,5.320000171661377,5.360000133514404,5.039999961853027,5.199999809265137,37925
2017-11-13,5.440000057220459,5.679999828338623,5.079999923706055,5.28000020980835,180675
2017-11-14,5.360000133514404,5.559999942779541,5.119999885559082,5.559999942779541,44925
2017-11-15,5.28000020980835,5.360000133514404,5.119999885559082,5.159999847412109,38475
2017-11-16,5.400000095367432,5.599999904632568,5.119999885559082,5.320000171661377,131425
2017-11-17,5.559999942779541,5.840000152587891,5.360000133514404,5.400000095367432,126225
2017-11-20,5.840000152587891,6.639999866485596,5.679999828338623,5.840000152587891,752800
2017-11-21,5.679999828338623,5.960000038146973,5.28000020980835,5.960000038146973,150450
2017-11-22,8.720000267028809,10.720000267028809,5.559999942779541,5.800000190734863,3676200
2017-11-24,23.799999237060547,24.15999984741211,12.760000228881836,13.800000190734863,11099125
2017-11-27,26.040000915527344,40.119998931884766,25.200000762939453,34.79999923706055,12014650
2017-11-28,15.399999618530273,18.600000381469727,14.5600004196167,18.200000762939453,4682175
2017-11-29,16.200000762939453,22.0,15.079999923706055,21.399999618530273,4533775
2017-11-30,16.68000030517578,17.799999237060547,14.760000228881836,15.920000076293945,1763275
2017-12-01,19.799999237060547,20.600000381469727,17.84000015258789,19.600000381469727,4329450
2017-12-04,18.639999389648438,21.600000381469727,18.040000915527344,21.360000610351562,1790500
2017-12-05,20.440000534057617,21.520000457763672,17.639999389648438,17.959999084472656,1539100
2017-12-06,18.600000381469727,22.280000686645508,18.0,21.399999618530273,1967975
2017-12-07,18.31999969482422,20.399999618530273,17.639999389648438,19.920000076293945,742300
2017-12-08,17.639999389648438,18.520000457763672,17.31999969482422,17.8799991607666,527125
2017-12-11,25.200000762939453,25.399999618530273,18.440000534057617,18.84000015258789,4275250
2017-12-12,23.200000762939453,28.1200008392334,22.0,23.799999237060547,4862025
2017-12-13,22.760000228881836,26.520000457763672,22.15999984741211,23.600000381469727,2293350
2017-12-14,21.719999313354492,23.799999237060547,21.15999984741211,22.600000381469727,901650
2017-12-15,22.959999084472656,24.719999313354492,22.600000381469727,23.440000534057617,1570850
2017-12-18,25.360000610351562,27.360000610351562,23.600000381469727,25.200000762939453,2668800
2017-12-19,23.280000686645508,25.399999618530273,22.68000030517578,23.239999771118164,1994625
2017-12-20,22.799999237060547,24.15999984741211,21.399999618530273,24.040000915527344,919750
2017-12-21,19.600000381469727,23.399999618530273,18.399999618530273,23.399999618530273,1001575
2017-12-22,17.760000228881836,18.799999237060547,15.680000305175781,16.15999984741211,771300
2017-12-26,18.1200008392334,19.520000457763672,18.1200008392334,18.8799991607666,442700
2017-12-27,18.8799991607666,19.399999618530273,18.239999771118164,18.31999969482422,263525
2017-12-28,17.239999771118164,18.520000457763672,16.719999313354492,18.399999618530273,372200
2017-12-29,16.399999618530273,17.719999313354492,16.31999969482422,17.600000381469727,298600
2018-01-02,17.280000686645508,17.280000686645508,15.5600004196167,16.399999618530273,504625
2018-01-03,16.760000228881836,18.520000457763672,16.399999618530273,17.31999969482422,598675
2018-01-04,16.280000686645508,17.040000915527344,16.040000915527344,16.639999389648438,302875
2018-01-05,15.720000267028809,17.079999923706055,15.680000305175781,16.799999237060547,340325
2018-01-08,15.5600004196167,16.079999923706055,14.279999732971191,16.0,429775
2018-01-09,15.279999732971191,15.760000228881836,14.800000190734863,15.760000228881836,204900
2018-01-10,15.920000076293945,17.15999984741211,14.399999618530273,15.199999809265137,737900
2018-01-11,15.359999656677246,16.559999465942383,15.279999732971191,16.559999465942383,334425
2018-01-12,16.68000030517578,20.239999771118164,16.520000457763672,20.0,2714350
2018-01-16,14.359999656677246,15.880000114440918,13.880000114440918,15.84000015258789,636875
2018-01-17,13.880000114440918,14.640000343322754,12.279999732971191,14.15999984741211,554100
2018-01-18,14.920000076293945,16.799999237060547,14.920000076293945,16.079999923706055,2006100
2018-01-19,14.0,15.479999542236328,14.0,15.479999542236328,341475
2018-01-22,13.399999618530273,14.239999771118164,13.039999961853027,14.0,317700
2018-01-23,13.600000381469727,14.0,13.0,13.239999771118164,229325
2018-01-24,14.039999961853027,14.359999656677246,13.199999809265137,13.600000381469727,396225
2018-01-25,14.0,14.359999656677246,13.680000305175781,13.680000305175781,183200
2018-01-26,13.199999809265137,14.079999923706055,13.199999809265137,14.0,214800
2018-01-29,12.520000457763672,13.279999732971191,12.399999618530273,13.039999961853027,206700
2018-01-30,11.600000381469727,12.720000267028809,11.479999542236328,12.399999618530273,211775
2018-01-31,12.84000015258789,14.399999618530273,11.760000228881836,11.760000228881836,900600
2018-02-01,12.279999732971191,13.199999809265137,12.199999809265137,12.4399995803833,191700
2018-02-02,11.039999961853027,12.239999771118164,11.039999961853027,12.039999961853027,208800
2018-02-05,9.479999542236328,11.0,9.399999618530273,10.800000190734863,180225
2018-02-06,10.4399995803833,10.5600004196167,9.0,9.199999809265137,211375
2018-02-07,10.600000381469727,11.5600004196167,10.520000457763672,11.359999656677246,211650
2018-02-08,10.239999771118164,11.399999618530273,10.119999885559082,11.399999618530273,74700
2018-02-09,9.84000015258789,10.199999809265137,9.239999771118164,10.199999809265137,120250
2018-02-12,10.119999885559082,10.5600004196167,9.920000076293945,10.119999885559082,108750
2018-02-13,9.84000015258789,10.119999885559082,9.600000381469727,10.0,58200
2018-02-14,10.600000381469727,11.079999923706055,9.720000267028809,9.720000267028809,163675
2018-02-15,11.199999809265137,12.0,11.0,11.600000381469727,381875
2018-02-16,10.600000381469727,11.800000190734863,10.600000381469727,11.800000190734863,189575
2018-02-20,10.720000267028809,11.399999618530273,10.600000381469727,11.399999618530273,132725
2018-02-21,10.039999961853027,10.800000190734863,10.0,10.800000190734863,86800
2018-02-22,9.720000267028809,10.399999618530273,9.600000381469727,10.0,74200
2018-02-23,9.4399995803833,9.920000076293945,9.399999618530273,9.680000305175781,65675
2018-02-26,9.920000076293945,10.319999694824219,8.880000114440918,9.84000015258789,129050
2018-02-27,9.5600004196167,10.15999984741211,9.399999618530273,10.0,97025
2018-02-28,8.920000076293945,9.760000228881836,8.760000228881836,9.720000267028809,135400
2018-03-01,8.399999618530273,9.199999809265137,8.279999732971191,8.920000076293945,126775
2018-03-02,8.4399995803833,8.760000228881836,7.800000190734863,8.239999771118164,244350
2018-03-05,8.279999732971191,8.720000267028809,8.079999923706055,8.279999732971191,181300
2018-03-06,7.880000114440918,8.4399995803833,7.840000152587891,8.4399995803833,205425
2018-03-07,7.28000020980835,7.840000152587891,7.28000020980835,7.679999828338623,157900
2018-03-08,6.760000228881836,7.519999980926514,6.71999979019165,7.28000020980835,231475
2018-03-09,6.119999885559082,6.920000076293945,6.119999885559082,6.920000076293945,283025
2018-03-12,9.720000267028809,10.199999809265137,6.320000171661377,6.400000095367432,3574375
2018-03-13,7.880000114440918,9.4399995803833,7.800000190734863,9.4399995803833,946200
2018-03-14,7.119999885559082,8.119999885559082,6.760000228881836,8.039999961853027,590675
2018-03-15,6.480000019073486,7.199999809265137,6.440000057220459,6.840000152587891,427775
2018-03-16,6.599999904632568,6.960000038146973,6.440000057220459,6.440000057220459,422000
2018-03-19,6.119999885559082,6.760000228881836,6.039999961853027,6.760000228881836,346025
2018-03-20,5.360000133514404,6.199999809265137,5.320000171661377,6.119999885559082,477150
2018-03-21,6.440000057220459,7.880000114440918,6.199999809265137,6.400000095367432,2891225
2018-03-22,6.360000133514404,6.400000095367432,5.760000228881836,6.159999847412109,574100
2018-03-23,5.639999866485596,6.239999771118164,5.599999904632568,6.239999771118164,425750
2018-03-26,5.28000020980835,5.71999979019165,5.159999847412109,5.71999979019165,430225
2018-03-27,4.800000190734863,5.840000152587891,4.760000228881836,5.840000152587891,507125
2018-03-28,4.960000038146973,5.159999847412109,4.800000190734863,4.880000114440918,236825
2018-03-29,4.480000019073486,5.0,4.400000095367432,4.960000038146973,248425
2018-04-02,4.559999942779541,4.71999979019165,4.480000019073486,4.71999979019165,183875
2018-04-03,4.480000019073486,4.559999942779541,3.680000066757202,3.9600000381469727,588825
2018-04-04,4.920000076293945,4.960000038146973,3.880000114440918,4.320000171661377,495475
2018-04-05,4.71999979019165,5.400000095367432,4.400000095367432,4.800000190734863,506700
2018-04-06,4.519999980926514,5.039999961853027,4.480000019073486,4.71999979019165,191000
2018-04-09,4.639999866485596,4.880000114440918,4.480000019073486,4.639999866485596,198775
2018-04-10,4.679999828338623,4.800000190734863,4.559999942779541,4.800000190734863,158075
2018-04-11,4.71999979019165,4.800000190734863,4.559999942779541,4.639999866485596,141150
2018-04-12,5.679999828338623,6.599999904632568,5.239999771118164,5.440000057220459,3366100
2018-04-13,6.0,6.880000114440918,5.760000228881836,6.559999942779541,1515550
2018-04-16,5.639999866485596,6.159999847412109,5.440000057220459,6.079999923706055,330150
2018-04-17,5.800000190734863,6.119999885559082,5.519999980926514,5.880000114440918,368200
2018-04-18,5.71999979019165,5.880000114440918,5.400000095367432,5.880000114440918,171975
2018-04-19,5.400000095367432,5.760000228881836,5.28000020980835,5.679999828338623,187050
2018-04-20,5.71999979019165,5.800000190734863,5.599999904632568,5.760000228881836,193200
2018-04-23,6.119999885559082,6.360000133514404,5.800000190734863,6.0,375350
2018-04-24,7.71999979019165,7.760000228881836,6.28000020980835,6.400000095367432,2220750
2018-04-25,7.039999961853027,7.400000095367432,6.440000057220459,7.159999847412109,1011850
2018-04-26,7.199999809265137,7.519999980926514,6.599999904632568,6.880000114440918,425100
2018-04-27,7.599999904632568,8.399999618530273,7.199999809265137,7.199999809265137,1417275
2018-04-30,7.239999771118164,7.71999979019165,7.0,7.679999828338623,433725
2018-05-01,6.440000057220459,6.840000152587891,6.239999771118164,6.760000228881836,470800
2018-05-02,6.28000020980835,6.71999979019165,6.199999809265137,6.559999942779541,321650
2018-05-03,7.039999961853027,7.079999923706055,6.239999771118164,6.239999771118164,729225
2018-05-04,6.599999904632568,7.199999809265137,6.440000057220459,7.199999809265137,477150
2018-05-07,6.360000133514404,6.559999942779541,6.239999771118164,6.320000171661377,255725
2018-05-08,5.800000190734863,6.360000133514404,5.800000190734863,6.239999771118164,427400
2018-05-09,6.039999961853027,6.320000171661377,5.840000152587891,5.920000076293945,292350
2018-05-10,5.71999979019165,6.159999847412109,5.599999904632568,6.039999961853027,277900
2018-05-11,5.480000019073486,5.679999828338623,5.400000095367432,5.400000095367432,230300
2018-05-14,5.760000228881836,5.800000190734863,5.360000133514404,5.480000019073486,272675
2018-05-15,5.559999942779541,5.71999979019165,5.519999980926514,5.639999866485596,173075
2018-05-16,5.599999904632568,5.679999828338623,5.320000171661377,5.519999980926514,197625
2018-05-17,5.920000076293945,6.320000171661377,5.519999980926514,5.639999866485596,297100
2018-05-18,5.880000114440918,6.119999885559082,5.71999979019165,5.840000152587891,190725
2018-05-21,5.559999942779541,5.880000114440918,5.559999942779541,5.800000190734863,166900
2018-05-22,5.400000095367432,5.559999942779541,5.28000020980835,5.519999980926514,183425
2018-05-23,5.159999847412109,5.239999771118164,5.0,5.239999771118164,211625
2018-05-24,5.199999809265137,5.28000020980835,5.079999923706055,5.079999923706055,93175
2018-05-25,5.199999809265137,5.400000095367432,5.159999847412109,5.199999809265137,75400
2018-05-29,5.28000020980835,5.400000095367432,5.199999809265137,5.320000171661377,83375
2018-05-30,5.199999809265137,5.360000133514404,5.119999885559082,5.320000171661377,74400
2018-05-31,5.559999942779541,5.639999866485596,5.079999923706055,5.199999809265137,362025
2018-06-01,5.400000095367432,5.559999942779541,5.28000020980835,5.519999980926514,102675
2018-06-04,5.119999885559082,5.480000019073486,5.039999961853027,5.440000057220459,161250
2018-06-05,5.320000171661377,5.440000057220459,5.0,5.079999923706055,204800
2018-06-06,5.320000171661377,5.599999904632568,5.159999847412109,5.400000095367432,317925
2018-06-07,5.239999771118164,5.440000057220459,5.199999809265137,5.320000171661377,109675
2018-06-08,5.159999847412109,5.400000095367432,5.159999847412109,5.320000171661377,75775
2018-06-11,4.800000190734863,5.079999923706055,4.800000190734863,5.039999961853027,301825
2018-06-12,4.679999828338623,4.920000076293945,4.639999866485596,4.920000076293945,129175
2018-06-13,4.71999979019165,4.800000190734863,4.639999866485596,4.71999979019165,123000
2018-06-14,4.840000152587891,4.840000152587891,4.599999904632568,4.760000228881836,155775
2018-06-15,4.840000152587891,5.0,4.71999979019165,4.920000076293945,103900
2018-06-18,4.760000228881836,4.800000190734863,4.679999828338623,4.71999979019165,72125
2018-06-19,4.679999828338623,4.840000152587891,4.679999828338623,4.800000190734863,57575
2018-06-20,4.599999904632568,4.71999979019165,4.599999904632568,4.639999866485596,117325
2018-06-21,4.599999904632568,4.679999828338623,4.559999942779541,4.679999828338623,62925
2018-06-22,4.400000095367432,4.519999980926514,4.199999809265137,4.440000057220459,91150
2018-06-25,4.119999885559082,4.480000019073486,4.119999885559082,4.480000019073486,114300
2018-06-26,3.9200000762939453,4.119999885559082,3.7200000286102295,4.079999923706055,207100
2018-06-27,3.9200000762939453,4.079999923706055,3.8399999141693115,3.880000114440918,86925
2018-06-28,3.799999952316284,4.0,3.799999952316284,3.9200000762939453,71875
2018-06-29,3.680000066757202,3.880000114440918,3.5999999046325684,3.799999952316284,132125
2018-07-02,3.759999990463257,3.759999990463257,3.5199999809265137,3.640000104904175,262775
2018-07-03,3.7200000286102295,3.799999952316284,3.5999999046325684,3.799999952316284,93225
2018-07-05,3.7200000286102295,3.799999952316284,3.640000104904175,3.799999952316284,66850
2018-07-06,3.559999942779541,3.759999990463257,3.5199999809265137,3.759999990463257,85375
2018-07-09,3.640000104904175,3.7200000286102295,3.440000057220459,3.440000057220459,93425
2018-07-10,3.5199999809265137,3.680000066757202,3.5199999809265137,3.680000066757202,84800
2018-07-11,3.4000000953674316,3.559999942779541,3.4000000953674316,3.5199999809265137,88525
2018-07-12,3.359999895095825,3.4000000953674316,3.2799999713897705,3.4000000953674316,82875
2018-07-13,3.559999942779541,3.680000066757202,3.319999933242798,3.319999933242798,105925
2018-07-16,4.039999961853027,4.519999980926514,3.559999942779541,3.559999942779541,812850
2018-07-17,5.0,5.400000095367432,3.5999999046325684,4.119999885559082,1968650
2018-07-18,4.360000133514404,5.28000020980835,4.320000171661377,4.920000076293945,1381775
2018-07-19,4.559999942779541,4.760000228881836,4.360000133514404,4.480000019073486,553750
2018-07-20,4.360000133514404,4.920000076293945,4.360000133514404,4.559999942779541,352475
2018-07-23,4.760000228881836,5.0,4.559999942779541,4.599999904632568,739700
2018-07-24,5.679999828338623,6.239999771118164,5.320000171661377,5.559999942779541,4455700
2018-07-25,5.0,5.480000019073486,4.920000076293945,5.360000133514404,701175
2018-07-26,4.960000038146973,5.28000020980835,4.840000152587891,5.119999885559082,235000
2018-07-27,4.679999828338623,4.800000190734863,4.320000171661377,4.71999979019165,346375
2018-07-30,4.519999980926514,4.679999828338623,4.159999847412109,4.559999942779541,198950
2018-07-31,4.199999809265137,4.400000095367432,4.079999923706055,4.400000095367432,175250
2018-08-01,4.039999961853027,4.199999809265137,4.039999961853027,4.199999809265137,103650
2018-08-02,4.199999809265137,4.320000171661377,3.9200000762939453,4.0,153550
2018-08-03,4.119999885559082,4.320000171661377,4.039999961853027,4.199999809265137,158600
2018-08-06,4.0,4.199999809265137,3.9600000381469727,4.039999961853027,175900
2018-08-07,3.9600000381469727,4.119999885559082,3.9600000381469727,4.0,127875
2018-08-08,3.880000114440918,3.9600000381469727,3.680000066757202,3.9200000762939453,172275
2018-08-09,3.8399999141693115,3.9600000381469727,3.7200000286102295,3.8399999141693115,92250
2018-08-10,3.8399999141693115,3.9200000762939453,3.799999952316284,3.8399999141693115,74725
2018-08-13,3.8399999141693115,3.880000114440918,3.7200000286102295,3.880000114440918,69750
2018-08-14,3.5999999046325684,3.799999952316284,3.4800000190734863,3.759999990463257,187050
2018-08-15,3.559999942779541,3.7200000286102295,3.319999933242798,3.5999999046325684,256200
2018-08-16,3.440000057220459,3.640000104904175,3.319999933242798,3.5999999046325684,114050
2018-08-17,3.559999942779541,3.5999999046325684,3.319999933242798,3.4000000953674316,170725
2018-08-20,3.5199999809265137,3.680000066757202,3.4000000953674316,3.559999942779541,80650
2018-08-21,3.4800000190734863,3.5999999046325684,3.440000057220459,3.5999999046325684,46425
2018-08-22,3.559999942779541,3.5999999046325684,3.440000057220459,3.559999942779541,129375
2018-08-23,3.440000057220459,3.680000066757202,3.4000000953674316,3.5999999046325684,134075
2018-08-24,3.5199999809265137,3.5199999809265137,3.4000000953674316,3.4000000953674316,111000
2018-08-27,3.640000104904175,3.7200000286102295,3.4000000953674316,3.559999942779541,294750
2018-08-28,4.0,4.28000020980835,3.799999952316284,3.799999952316284,996200
2018-08-29,3.880000114440918,4.159999847412109,3.7200000286102295,4.039999961853027,419125
2018-08-30,3.7200000286102295,3.799999952316284,3.5999999046325684,3.799999952316284,153250
2018-08-31,3.9200000762939453,4.0,3.7200000286102295,3.7200000286102295,167000
2018-09-04,4.0,4.28000020980835,3.9200000762939453,4.159999847412109,528700
2018-09-05,3.640000104904175,3.9200000762939453,3.5999999046325684,3.9200000762939453,363750
2018-09-06,3.5999999046325684,3.680000066757202,3.4800000190734863,3.4800000190734863,144575
2018-09-07,3.5199999809265137,3.5999999046325684,3.4800000190734863,3.5999999046325684,109825
2018-09-10,3.559999942779541,3.5999999046325684,3.4800000190734863,3.4800000190734863,86125
2018-09-11,3.4000000953674316,3.5199999809265137,3.359999895095825,3.4800000190734863,112800
2018-09-12,3.319999933242798,3.4000000953674316,3.240000009536743,3.4000000953674316,120525
2018-09-13,3.440000057220459,3.5199999809265137,3.359999895095825,3.359999895095825,88200
2018-09-14,3.359999895095825,3.4800000190734863,3.359999895095825,3.359999895095825,101675
2018-09-17,3.319999933242798,3.4000000953674316,3.319999933242798,3.4000000953674316,71250
2018-09-18,3.440000057220459,3.5199999809265137,3.319999933242798,3.319999933242798,181300
2018-09-19,3.319999933242798,3.440000057220459,3.319999933242798,3.359999895095825,152125
2018-09-20,3.319999933242798,3.4000000953674316,3.319999933242798,3.4000000953674316,89800
2018-09-21,3.2799999713897705,3.4800000190734863,3.2799999713897705,3.4800000190734863,248500
2018-09-24,3.0399999618530273,3.4000000953674316,3.0,3.319999933242798,256000
2018-09-25,2.9200000762939453,3.119999885559082,2.799999952316284,3.0799999237060547,272600
2018-09-26,3.0799999237060547,3.200000047683716,2.9200000762939453,3.0399999618530273,170050
2018-09-27,3.0799999237060547,3.1600000858306885,2.9200000762939453,3.0399999618530273,179650
2018-09-28,2.9200000762939453,3.0799999237060547,2.880000114440918,3.0,158225
2018-10-01,2.880000114440918,2.9600000381469727,2.8399999141693115,2.9600000381469727,86950
2018-10-02,2.759999990463257,2.9600000381469727,2.680000066757202,2.8399999141693115,157600
2018-10-03,2.680000066757202,2.759999990463257,2.5999999046325684,2.7200000286102295,193975
2018-10-04,2.799999952316284,2.880000114440918,2.640000104904175,2.680000066757202,144025
2018-10-05,2.680000066757202,2.880000114440918,2.640000104904175,2.7200000286102295,56825
2018-10-08,2.8399999141693115,2.880000114440918,2.680000066757202,2.799999952316284,115350
2018-10-09,2.680000066757202,2.799999952316284,2.640000104904175,2.799999952316284,103200
2018-10-10,2.5199999809265137,2.7200000286102295,2.5199999809265137,2.640000104904175,99575
2018-10-11,2.359999895095825,2.5199999809265137,2.2799999713897705,2.5199999809265137,182925
2018-10-12,2.440000057220459,2.7200000286102295,2.359999895095825,2.4000000953674316,174725
2018-10-15,2.4800000190734863,2.640000104904175,2.4000000953674316,2.559999942779541,91575
2018-10-16,2.5999999046325684,2.680000066757202,2.4000000953674316,2.4000000953674316,204275
2018-10-17,2.440000057220459,2.559999942779541,2.4000000953674316,2.4800000190734863,58350
2018-10-18,2.440000057220459,2.559999942779541,2.359999895095825,2.559999942779541,54600
2018-10-19,2.5199999809265137,2.5999999046325684,2.4000000953674316,2.559999942779541,101350
2018-10-22,2.5999999046325684,2.759999990463257,2.559999942779541,2.559999942779541,172525
2018-10-23,2.5199999809265137,2.680000066757202,2.4000000953674316,2.5999999046325684,86200
2018-10-24,2.4800000190734863,2.759999990463257,2.440000057220459,2.5199999809265137,102950
2018-10-25,2.559999942779541,2.680000066757202,2.5199999809265137,2.640000104904175,82325
2018-10-26,2.640000104904175,2.7200000286102295,2.4800000190734863,2.559999942779541,86525
2018-10-29,2.319999933242798,2.7200000286102295,2.319999933242798,2.7200000286102295,115250
2018-10-30,2.359999895095825,2.4000000953674316,2.200000047683716,2.4000000953674316,84675
2018-10-31,2.359999895095825,2.359999895095825,2.240000009536743,2.319999933242798,53650
2018-11-01,2.559999942779541,2.640000104904175,2.359999895095825,2.4000000953674316,99325
2018-11-02,2.640000104904175,2.680000066757202,2.5199999809265137,2.5999999046325684,73125
2018-11-05,2.9200000762939453,3.0799999237060547,2.7200000286102295,2.759999990463257,361800
2018-11-06,3.240000009536743,3.440000057220459,2.9200000762939453,2.9200000762939453,568025
2018-11-07,3.4800000190734863,3.5999999046325684,3.240000009536743,3.4800000190734863,399525
2018-11-08,3.0399999618530273,3.4000000953674316,3.0399999618530273,3.319999933242798,217275
2018-11-09,2.9200000762939453,3.0,2.799999952316284,2.880000114440918,109200
2018-11-12,2.799999952316284,3.0,2.799999952316284,3.0,86650
2018-11-13,2.7200000286102295,2.799999952316284,2.680000066757202,2.680000066757202,75800
2018-11-14,2.640000104904175,2.8399999141693115,2.5999999046325684,2.799999952316284,96675
2018-11-15,2.680000066757202,2.799999952316284,2.4800000190734863,2.799999952316284,82975
2018-11-16,2.680000066757202,2.799999952316284,2.5999999046325684,2.7200000286102295,52500
2018-11-19,2.559999942779541,2.7200000286102295,2.4800000190734863,2.640000104904175,87250
2018-11-20,2.4800000190734863,2.559999942779541,2.440000057220459,2.5199999809265137,53975
2018-11-21,2.440000057220459,2.559999942779541,2.4000000953674316,2.4000000953674316,81375
2018-11-23,2.319999933242798,2.4000000953674316,2.2799999713897705,2.4000000953674316,41525
2018-11-26,2.359999895095825,2.559999942779541,2.319999933242798,2.4000000953674316,45950
2018-11-27,2.4000000953674316,2.440000057220459,2.319999933242798,2.359999895095825,39750
2018-11-28,2.640000104904175,2.680000066757202,2.4000000953674316,2.4000000953674316,171500
2018-11-29,2.5999999046325684,2.7200000286102295,2.5199999809265137,2.5999999046325684,48950
2018-11-30,2.4800000190734863,2.5999999046325684,2.440000057220459,2.5199999809265137,41200
2018-12-03,2.440000057220459,2.5199999809265137,2.319999933242798,2.440000057220459,70625
2018-12-04,2.319999933242798,2.440000057220459,2.319999933242798,2.359999895095825,37975
2018-12-06,2.240000009536743,2.319999933242798,2.200000047683716,2.2799999713897705,56625
2018-12-07,2.0,2.2799999713897705,1.9600000381469727,2.240000009536743,179550
2018-12-10,2.0,2.1600000858306885,2.0,2.0399999618530273,63900
2018-12-11,2.0,2.119999885559082,1.9600000381469727,2.0799999237060547,51725
2018-12-12,2.0799999237060547,2.1600000858306885,2.0,2.0799999237060547,130050
2018-12-13,1.7999999523162842,2.119999885559082,1.7999999523162842,2.0,104250
2018-12-14,1.7200000286102295,1.8799999952316284,1.6399999856948853,1.8799999952316284,66125
2018-12-17,1.840000033378601,2.0,1.6799999475479126,1.840000033378601,185225
2018-12-18,1.6799999475479126,2.0,1.6799999475479126,1.9199999570846558,129725
2018-12-19,1.840000033378601,2.0799999237060547,1.840000033378601,1.840000033378601,245875
2018-12-20,1.7200000286102295,2.0,1.600000023841858,1.9199999570846558,149900
2018-12-21,1.6799999475479126,1.7999999523162842,1.6399999856948853,1.7999999523162842,109625
2018-12-24,1.559999942779541,1.600000023841858,1.440000057220459,1.440000057220459,74425
2018-12-26,1.559999942779541,1.600000023841858,1.440000057220459,1.440000057220459,58475
2018-12-27,1.559999942779541,1.600000023841858,1.440000057220459,1.559999942779541,92800
2018-12-28,1.600000023841858,1.6799999475479126,1.4800000190734863,1.5199999809265137,79075
2018-12-31,1.440000057220459,1.6399999856948853,1.440000057220459,1.6399999856948853,126250
2019-01-02,1.5199999809265137,1.559999942779541,1.440000057220459,1.5199999809265137,66175
2019-01-03,1.5199999809265137,1.600000023841858,1.5199999809265137,1.559999942779541,33225
2019-01-04,1.600000023841858,1.6399999856948853,1.5199999809265137,1.5199999809265137,53200
2019-01-07,1.6799999475479126,1.7200000286102295,1.5199999809265137,1.6399999856948853,143100
2019-01-08,1.7200000286102295,1.8799999952316284,1.6399999856948853,1.6399999856948853,70725
2019-01-09,1.6799999475479126,1.7999999523162842,1.600000023841858,1.7999999523162842,31250
2019-01-10,1.600000023841858,1.7599999904632568,1.600000023841858,1.7200000286102295,53625
2019-01-11,1.559999942779541,1.6799999475479126,1.5199999809265137,1.6399999856948853,59550
2019-01-14,1.5199999809265137,1.6399999856948853,1.5199999809265137,1.600000023841858,58075
2019-01-15,1.5199999809265137,1.600000023841858,1.4800000190734863,1.559999942779541,42200
2019-01-16,1.4800000190734863,1.5199999809265137,1.440000057220459,1.4800000190734863,31900
2019-01-17,1.4800000190734863,1.4800000190734863,1.4800000190734863,1.4800000190734863,35875
2019-01-18,1.5199999809265137,1.559999942779541,1.440000057220459,1.4800000190734863,45800
2019-01-22,1.4800000190734863,1.559999942779541,1.4800000190734863,1.559999942779541,25275
2019-01-23,1.6399999856948853,1.7200000286102295,1.4800000190734863,1.5199999809265137,229450
2019-01-24,1.600000023841858,1.6399999856948853,1.5199999809265137,1.6399999856948853,74475
2019-01-25,1.5199999809265137,1.600000023841858,1.4800000190734863,1.559999942779541,34175
2019-01-28,1.4800000190734863,1.559999942779541,1.440000057220459,1.4800000190734863,51225
2019-01-29,1.440000057220459,1.4800000190734863,1.399999976158142,1.4800000190734863,32175
2019-01-30,1.399999976158142,1.4800000190734863,1.3600000143051147,1.440000057220459,70850
2019-01-31,1.3600000143051147,1.399999976158142,1.3200000524520874,1.399999976158142,63325
2019-02-01,1.3600000143051147,1.3600000143051147,1.3200000524520874,1.3600000143051147,15550
2019-02-04,1.8799999952316284,1.8799999952316284,1.3600000143051147,1.3600000143051147,343250
2019-02-05,1.6399999856948853,1.8799999952316284,1.559999942779541,1.8799999952316284,287850
2019-02-06,1.600000023841858,1.6799999475479126,1.5199999809265137,1.6799999475479126,82275
2019-02-07,1.559999942779541,1.600000023841858,1.440000057220459,1.600000023841858,33050
2019-02-08,2.0799999237060547,2.319999933242798,1.4800000190734863,1.4800000190734863,956750
2019-02-11,2.0,2.2799999713897705,2.0,2.200000047683716,376175
2019-02-12,2.2799999713897705,2.319999933242798,2.0,2.0,136300
2019-02-13,2.119999885559082,2.359999895095825,2.0799999237060547,2.359999895095825,131400
2019-02-14,2.0799999237060547,2.240000009536743,2.0,2.119999885559082,224575
2019-02-15,2.1600000858306885,2.240000009536743,2.0799999237060547,2.119999885559082,105250
2019-02-19,2.9200000762939453,3.1600000858306885,2.4000000953674316,2.4000000953674316,1368575
2019-02-20,2.8399999141693115,2.9200000762939453,2.4800000190734863,2.759999990463257,626650
2019-02-21,2.5199999809265137,2.759999990463257,2.4800000190734863,2.5999999046325684,127275
2019-02-22,2.9600000381469727,2.9600000381469727,2.5999999046325684,2.5999999046325684,387600
2019-02-25,2.759999990463257,2.9200000762939453,2.5199999809265137,2.759999990463257,378200
2019-02-26,2.5999999046325684,2.759999990463257,2.559999942779541,2.7200000286102295,143775
2019-02-27,2.559999942779541,2.680000066757202,2.559999942779541,2.559999942779541,77050
2019-02-28,2.5199999809265137,2.680000066757202,2.440000057220459,2.640000104904175,124600
2019-03-01,2.559999942779541,2.759999990463257,2.559999942779541,2.5999999046325684,80400
2019-03-04,2.4800000190734863,2.5999999046325684,2.440000057220459,2.559999942779541,89900
2019-03-05,2.5999999046325684,2.680000066757202,2.5999999046325684,2.5999999046325684,157200
2019-03-06,2.440000057220459,2.640000104904175,2.4000000953674316,2.640000104904175,71225
2019-03-07,2.559999942779541,2.680000066757202,2.4000000953674316,2.4800000190734863,109225
2019-03-08,2.5199999809265137,2.640000104904175,2.440000057220459,2.559999942779541,78300
2019-03-11,2.4800000190734863,2.559999942779541,2.440000057220459,2.5199999809265137,93350
2019-03-12,2.4800000190734863,2.559999942779541,2.440000057220459,2.440000057220459,71425
2019-03-13,2.440000057220459,2.5999999046325684,2.319999933242798,2.5999999046325684,51425
2019-03-14,2.359999895095825,2.4800000190734863,2.319999933242798,2.440000057220459,40675
2019-03-15,2.4000000953674316,2.4800000190734863,2.2799999713897705,2.2799999713897705,108550
2019-03-18,2.4800000190734863,2.559999942779541,2.4000000953674316,2.559999942779541,86500
2019-03-19,2.5199999809265137,2.5999999046325684,2.5199999809265137,2.5999999046325684,103325
2019-03-20,2.559999942779541,2.5999999046325684,2.4800000190734863,2.5199999809265137,55975
2019-03-21,2.440000057220459,2.559999942779541,2.4000000953674316,2.559999942779541,67300
2019-03-22,2.2799999713897705,2.4800000190734863,2.2799999713897705,2.440000057220459,115000
2019-03-25,2.0,2.4000000953674316,1.8799999952316284,2.4000000953674316,116525
2019-03-26,2.0,2.1600000858306885,1.9199999570846558,1.9199999570846558,55600
2019-03-27,2.0399999618530273,2.2799999713897705,2.0399999618530273,2.119999885559082,71375
2019-03-28,2.119999885559082,2.200000047683716,2.0799999237060547,2.119999885559082,28625
2019-03-29,2.0799999237060547,2.240000009536743,2.0399999618530273,2.200000047683716,59975
2019-04-01,2.2799999713897705,2.4000000953674316,2.0799999237060547,2.119999885559082,132325
2019-04-02,2.7200000286102295,3.0799999237060547,2.5999999046325684,2.8399999141693115,1005075
2019-04-03,3.0399999618530273,3.200000047683716,2.7200000286102295,2.9600000381469727,885425
2019-04-04,2.5999999046325684,3.0,2.559999942779541,2.880000114440918,389375
2019-04-05,2.5999999046325684,2.9200000762939453,2.440000057220459,2.799999952316284,373825
2019-04-08,2.7699999809265137,2.869999885559082,2.1500000953674316,2.309999942779541,1646000
2019-04-09,2.7100000381469727,2.890000104904175,2.609999895095825,2.7699999809265137,429300
2019-04-10,3.859999895095825,3.9700000286102295,2.569999933242798,2.5799999237060547,2794300
2019-04-11,3.190000057220459,3.4700000286102295,3.049999952316284,3.4000000953674316,1108900
2019-04-12,3.309999942779541,3.7899999618530273,3.200000047683716,3.25,1427500
2019-04-15,3.0,3.4700000286102295,3.0,3.2899999618530273,641200
2019-04-16,3.1700000762939453,3.2799999713897705,2.5999999046325684,2.990000009536743,812700
2019-04-17,2.9800000190734863,3.3499999046325684,2.799999952316284,3.259999990463257,895400
2019-04-18,3.299999952316284,3.4000000953674316,2.9800000190734863,3.069999933242798,751400
2019-04-22,3.259999990463257,3.450000047683716,3.109999895095825,3.2300000190734863,859700
2019-04-23,3.440000057220459,3.680000066757202,3.3299999237060547,3.5,1203100
2019-04-24,3.0999999046325684,3.359999895095825,3.0999999046325684,3.3499999046325684,759400
2019-04-25,2.9800000190734863,3.200000047683716,2.880000114440918,3.1500000953674316,863300
2019-04-26,2.740000009536743,2.9000000953674316,2.700000047683716,2.9000000953674316,465500
2019-04-29,2.859999895095825,2.9100000858306885,2.700000047683716,2.75,194900
2019-04-30,2.950000047683716,3.049999952316284,2.859999895095825,2.880000114440918,269200
2019-05-01,2.8299999237060547,2.9800000190734863,2.75,2.9800000190734863,267200
2019-05-02,2.930000066757202,2.9600000381469727,2.75,2.9000000953674316,292400
2019-05-03,2.940000057220459,3.2799999713897705,2.9000000953674316,3.109999895095825,1277400
2019-05-06,2.940000057220459,2.990000009536743,2.7200000286102295,2.799999952316284,173100
2019-05-07,2.8499999046325684,3.049999952316284,2.819999933242798,2.9700000286102295,311300
2019-05-08,2.9100000858306885,2.950000047683716,2.7699999809265137,2.819999933242798,126900
2019-05-09,2.8399999141693115,2.9000000953674316,2.740000009536743,2.8299999237060547,209000
2019-05-10,2.9200000762939453,2.9800000190734863,2.6500000953674316,2.869999885559082,637100
2019-05-13,3.380000114440918,3.8499999046325684,3.0299999713897705,3.109999895095825,6488600
2019-05-14,3.180000066757202,3.75,3.1500000953674316,3.5399999618530273,2234200
2019-05-15,3.2200000286102295,3.309999942779541,3.069999933242798,3.119999885559082,738000
2019-05-16,3.2899999618530273,3.299999952316284,3.109999895095825,3.200000047683716,445500
2019-05-17,2.950000047683716,3.180000066757202,2.9000000953674316,3.0,396200
2019-05-20,3.119999885559082,3.119999885559082,2.9700000286102295,2.9800000190734863,164400
2019-05-21,3.009999990463257,3.1500000953674316,3.0,3.0999999046325684,347600
2019-05-22,2.9700000286102295,3.009999990463257,2.880000114440918,3.0,163500
2019-05-23,2.859999895095825,2.9200000762939453,2.7899999618530273,2.9100000858306885,142700
2019-05-24,2.9800000190734863,3.0199999809265137,2.8499999046325684,2.859999895095825,125700
2019-05-28,2.9600000381469727,3.240000009536743,2.75,3.0799999237060547,640200
2019-05-29,2.8399999141693115,2.9200000762939453,2.799999952316284,2.9000000953674316,213900
2019-05-30,2.9200000762939453,3.0799999237060547,2.75,2.819999933242798,893000
2019-05-31,2.7300000190734863,2.890000104904175,2.619999885559082,2.8399999141693115,380200
2019-06-03,2.4700000286102295,2.7100000381469727,2.4600000381469727,2.7100000381469727,314300
2019-06-04,2.1600000858306885,2.369999885559082,2.069999933242798,2.3499999046325684,384300
2019-06-05,2.200000047683716,2.2799999713897705,2.0999999046325684,2.1700000762939453,93700
2019-06-06,2.0199999809265137,2.200000047683716,1.9199999570846558,2.200000047683716,268200
2019-06-07,2.1500000953674316,2.2100000381469727,2.049999952316284,2.049999952316284,195200
2019-06-10,2.109999895095825,2.1700000762939453,2.0199999809265137,2.1500000953674316,133000
2019-06-11,2.059999942779541,2.180000066757202,2.0,2.0799999237060547,69800
2019-06-12,2.069999933242798,2.1500000953674316,1.9500000476837158,2.0399999618530273,111300
2019-06-13,2.180000066757202,2.2899999618530273,2.009999990463257,2.069999933242798,302600
2019-06-14,2.319999933242798,2.450000047683716,2.190000057220459,2.190000057220459,293200
2019-06-17,2.2200000286102295,2.569999933242798,2.2100000381469727,2.450000047683716,274500
2019-06-18,2.1700000762939453,2.259999990463257,2.059999942779541,2.2200000286102295,175100
2019-06-19,2.109999895095825,2.180000066757202,2.069999933242798,2.1700000762939453,73600
2019-06-20,2.2200000286102295,2.25,2.119999885559082,2.1500000953674316,159300
2019-06-21,2.1700000762939453,2.3399999141693115,2.0999999046325684,2.299999952316284,208600
2019-06-24,2.4800000190734863,2.5899999141693115,2.1500000953674316,2.259999990463257,871000
2019-06-25,2.6700000762939453,2.75,2.549999952316284,2.5799999237060547,567200
2019-06-26,3.450000047683716,3.490000009536743,2.799999952316284,2.799999952316284,2383100
2019-06-27,2.7100000381469727,3.0899999141693115,2.609999895095825,2.890000104904175,899700
2019-06-28,2.890000104904175,2.9100000858306885,2.759999990463257,2.809999942779541,461500
2019-07-01,2.6500000953674316,2.799999952316284,2.5,2.799999952316284,374100
2019-07-02,2.799999952316284,2.950000047683716,2.5299999713897705,2.630000114440918,210600
2019-07-03,2.7699999809265137,2.940000057220459,2.7100000381469727,2.9000000953674316,137000
2019-07-05,2.759999990463257,2.7799999713897705,2.680000066757202,2.75,64400
2019-07-08,2.8499999046325684,2.880000114440918,2.630000114440918,2.8299999237060547,301200
2019-07-09,2.7300000190734863,2.880000114440918,2.6600000858306885,2.8499999046325684,270900
2019-07-10,2.640000104904175,2.8299999237060547,2.559999942779541,2.740000009536743,209400
2019-07-11,2.4700000286102295,2.619999885559082,2.440000057220459,2.619999885559082,159800
2019-07-12,2.369999885559082,2.490000009536743,2.2200000286102295,2.440000057220459,267900
2019-07-15,2.3399999141693115,2.4200000762939453,2.259999990463257,2.3299999237060547,230200
2019-07-16,2.2300000190734863,2.4000000953674316,2.190000057220459,2.319999933242798,123000
2019-07-17,2.190000057220459,2.3499999046325684,2.190000057220459,2.200000047683716,123700
2019-07-18,2.2799999713897705,2.3299999237060547,2.1500000953674316,2.190000057220459,222900
2019-07-19,2.180000066757202,2.2699999809265137,2.180000066757202,2.2100000381469727,132300
2019-07-22,2.0999999046325684,2.1500000953674316,2.0399999618530273,2.109999895095825,170400
2019-07-23,2.1500000953674316,2.2200000286102295,2.0899999141693115,2.200000047683716,94500
2019-07-24,2.1600000858306885,2.1700000762939453,2.0799999237060547,2.1500000953674316,108700
2019-07-25,2.1500000953674316,2.1700000762939453,2.059999942779541,2.140000104904175,53800
2019-07-26,2.119999885559082,2.1500000953674316,2.0999999046325684,2.0999999046325684,46000
2019-07-29,2.109999895095825,2.180000066757202,2.0199999809265137,2.119999885559082,98000
2019-07-30,2.1700000762939453,2.1700000762939453,2.0899999141693115,2.0899999141693115,46300
2019-07-31,2.0899999141693115,2.25,2.0899999141693115,2.130000114440918,173400
2019-08-01,2.059999942779541,2.200000047683716,2.049999952316284,2.200000047683716,141800
2019-08-02,2.0999999046325684,2.2200000286102295,2.049999952316284,2.0999999046325684,94900
2019-08-05,2.0999999046325684,2.2699999809265137,2.069999933242798,2.2300000190734863,258600
2019-08-06,2.0399999618530273,2.140000104904175,2.0199999809265137,2.140000104904175,111800
2019-08-07,2.0199999809265137,2.109999895095825,2.0,2.0,140400
2019-08-08,2.0899999141693115,2.109999895095825,2.0,2.0,60300
2019-08-09,2.069999933242798,2.109999895095825,2.0,2.069999933242798,26000
2019-08-12,2.0199999809265137,2.0899999141693115,2.009999990463257,2.049999952316284,37900
2019-08-13,2.059999942779541,2.0899999141693115,1.9199999570846558,2.0,134900
2019-08-14,1.9700000286102295,2.180000066757202,1.9199999570846558,2.0799999237060547,227900
2019-08-15,1.940000057220459,2.009999990463257,1.9199999570846558,1.9600000381469727,27300
2019-08-16,1.899999976158142,1.9900000095367432,1.899999976158142,1.9199999570846558,63600
2019-08-19,1.7799999713897705,1.9700000286102295,1.7699999809265137,1.8799999952316284,170800
2019-08-20,1.7100000381469727,1.7999999523162842,1.7100000381469727,1.7599999904632568,86300
2019-08-21,1.659999966621399,1.7100000381469727,1.6299999952316284,1.690000057220459,63700
2019-08-22,1.7699999809265137,1.850000023841858,1.5700000524520874,1.659999966621399,121400
2019-08-23,1.7000000476837158,1.7899999618530273,1.6799999475479126,1.7899999618530273,29500
2019-08-26,1.6200000047683716,1.7100000381469727,1.6200000047683716,1.7000000476837158,84500
2019-08-27,1.559999942779541,1.7000000476837158,1.559999942779541,1.6399999856948853,43000
2019-08-28,1.6200000047683716,1.7100000381469727,1.5499999523162842,1.7100000381469727,199600
2019-08-29,1.5700000524520874,1.6399999856948853,1.5499999523162842,1.600000023841858,59400
2019-08-30,1.6699999570846558,1.8799999952316284,1.5499999523162842,1.6100000143051147,180200
2019-09-03,1.75,1.840000033378601,1.6799999475479126,1.6799999475479126,141000
2019-09-04,1.809999942779541,1.840000033378601,1.649999976158142,1.7599999904632568,95900
2019-09-05,1.8200000524520874,1.8600000143051147,1.75,1.7699999809265137,52200
2019-09-06,1.8300000429153442,1.899999976158142,1.8200000524520874,1.8200000524520874,74100
2019-09-09,1.809999942779541,1.909999966621399,1.7599999904632568,1.809999942779541,45200
2019-09-10,1.8300000429153442,1.909999966621399,1.809999942779541,1.809999942779541,44200
2019-09-11,1.840000033378601,1.9199999570846558,1.8200000524520874,1.8200000524520874,48900
2019-09-12,1.909999966621399,1.9299999475479126,1.809999942779541,1.8799999952316284,37500
2019-09-13,1.8899999856948853,1.9299999475479126,1.840000033378601,1.8700000047683716,64900
2019-09-16,1.8799999952316284,1.9299999475479126,1.7999999523162842,1.909999966621399,71800
2019-09-17,1.8700000047683716,1.899999976158142,1.7899999618530273,1.840000033378601,47200
2019-09-18,1.8200000524520874,1.8799999952316284,1.809999942779541,1.840000033378601,32000
2019-09-19,1.809999942779541,1.9199999570846558,1.809999942779541,1.809999942779541,18800
2019-09-20,1.7999999523162842,1.850000023841858,1.7999999523162842,1.8200000524520874,27200
2019-09-23,1.7400000095367432,1.840000033378601,1.7000000476837158,1.840000033378601,44200
2019-09-24,1.6699999570846558,1.7799999713897705,1.6299999952316284,1.75,46500
2019-09-25,1.7899999618530273,1.809999942779541,1.6100000143051147,1.659999966621399,46600
2019-09-26,1.7100000381469727,1.7899999618530273,1.659999966621399,1.7599999904632568,28000
2019-09-27,1.7100000381469727,1.7899999618530273,1.7000000476837158,1.7100000381469727,16600
2019-09-30,1.75,1.7799999713897705,1.690000057220459,1.7300000190734863,39100
2019-10-01,1.7300000190734863,1.7899999618530273,1.690000057220459,1.7599999904632568,23400
2019-10-02,1.659999966621399,1.7799999713897705,1.6200000047683716,1.7599999904632568,45800
2019-10-03,1.649999976158142,1.7000000476837158,1.5700000524520874,1.659999966621399,33500
2019-10-04,1.6799999475479126,1.7100000381469727,1.6699999570846558,1.6699999570846558,17300
2019-10-07,1.649999976158142,1.7000000476837158,1.6200000047683716,1.659999966621399,19100
2019-10-08,1.6299999952316284,1.7100000381469727,1.6299999952316284,1.649999976158142,9000
2019-10-09,1.7300000190734863,1.7799999713897705,1.600000023841858,1.659999966621399,65900
2019-10-10,1.7200000286102295,1.7699999809265137,1.6799999475479126,1.7100000381469727,11200
2019-10-11,1.659999966621399,1.7100000381469727,1.5700000524520874,1.7100000381469727,29100
2019-10-14,1.649999976158142,1.690000057220459,1.5800000429153442,1.659999966621399,8900
2019-10-15,1.649999976158142,1.659999966621399,1.6100000143051147,1.659999966621399,24300
2019-10-16,1.600000023841858,1.6399999856948853,1.5800000429153442,1.6200000047683716,29100
2019-10-17,1.6299999952316284,1.6799999475479126,1.6100000143051147,1.6200000047683716,46700
2019-10-18,1.6200000047683716,1.659999966621399,1.590000033378601,1.6299999952316284,10800
2019-10-21,1.6299999952316284,1.659999966621399,1.590000033378601,1.600000023841858,25800
2019-10-22,1.3200000524520874,1.6399999856948853,1.1200000047683716,1.6200000047683716,324500
2019-10-23,1.25,1.350000023841858,1.2000000476837158,1.350000023841858,113400
2019-10-24,1.2599999904632568,1.309999942779541,1.2100000381469727,1.2799999713897705,29100
2019-10-25,1.5399999618530273,1.5499999523162842,1.2599999904632568,1.2699999809265137,360900
2019-10-28,1.559999942779541,1.75,1.559999942779541,1.7000000476837158,202600
2019-10-29,1.4800000190734863,1.590000033378601,1.4500000476837158,1.590000033378601,83600
2019-10-30,1.3899999856948853,1.5,1.3899999856948853,1.5,41700
2019-10-31,1.350000023841858,1.4199999570846558,1.2799999713897705,1.409999966621399,43700
2019-11-01,1.3799999952316284,1.4600000381469727,1.340000033378601,1.340000033378601,28500
2019-11-04,1.4199999570846558,1.4600000381469727,1.3600000143051147,1.3600000143051147,129000
2019-11-05,1.440000057220459,1.4600000381469727,1.3799999952316284,1.409999966621399,65500
2019-11-06,1.3799999952316284,1.4800000190734863,1.3799999952316284,1.440000057220459,13100
2019-11-07,1.3200000524520874,1.399999976158142,1.3200000524520874,1.3799999952316284,23900
2019-11-08,1.3300000429153442,1.3899999856948853,1.2799999713897705,1.3899999856948853,54500
2019-11-11,1.2400000095367432,1.3200000524520874,1.2400000095367432,1.3200000524520874,41700
2019-11-12,1.2599999904632568,1.3200000524520874,1.2400000095367432,1.25,26700
2019-11-13,1.2300000190734863,1.25,1.190000057220459,1.2400000095367432,71200
2019-11-14,1.190000057220459,1.25,1.1699999570846558,1.25,60600
2019-11-15,1.1399999856948853,1.2100000381469727,1.1299999952316284,1.190000057220459,62500
2019-11-18,1.0299999713897705,1.1399999856948853,1.0199999809265137,1.1299999952316284,92700
2019-11-19,0.9900000095367432,1.100000023841858,0.9800000190734863,0.9800000190734863,101400
2019-11-20,0.9900000095367432,1.059999942779541,0.9200000166893005,1.0099999904632568,96000
2019-11-21,1.0,1.0,0.9399999976158142,0.949999988079071,82300
2019-11-22,1.090000033378601,1.1100000143051147,0.949999988079071,0.9900000095367432,115400
2019-11-25,1.399999976158142,1.399999976158142,1.0099999904632568,1.059999942779541,412400
2019-11-26,1.340000033378601,1.3799999952316284,1.25,1.3300000429153442,153300
2019-11-27,1.2599999904632568,1.3899999856948853,1.2100000381469727,1.3300000429153442,86600
2019-11-29,1.2799999713897705,1.3200000524520874,1.2100000381469727,1.2799999713897705,36900
2019-12-02,1.309999942779541,1.3200000524520874,1.2300000190734863,1.2300000190734863,30200
2019-12-03,1.2999999523162842,1.3200000524520874,1.2200000286102295,1.25,26000
2019-12-04,1.2599999904632568,1.2999999523162842,1.25,1.2799999713897705,29300
2019-12-05,1.2599999904632568,1.2799999713897705,1.25,1.25,5600
2019-12-06,1.1399999856948853,1.2599999904632568,1.100000023841858,1.2400000095367432,91600
2019-12-09,1.0800000429153442,1.2100000381469727,1.0499999523162842,1.2000000476837158,121700
2019-12-10,1.0299999713897705,1.0499999523162842,0.9900000095367432,1.0499999523162842,180600
2019-12-11,1.100000023841858,1.190000057220459,0.9900000095367432,0.9900000095367432,322800
2019-12-12,1.0399999618530273,1.090000033378601,1.0299999713897705,1.090000033378601,148100
2019-12-13,1.0499999523162842,1.0499999523162842,0.8999999761581421,1.0299999713897705,189600
2019-12-16,0.9900000095367432,1.0299999713897705,0.9900000095367432,1.0099999904632568,58200
2019-12-17,0.9900000095367432,1.0299999713897705,0.949999988079071,1.0,110600
2019-12-18,1.0199999809265137,1.0499999523162842,0.949999988079071,0.949999988079071,152600
2019-12-19,0.9700000286102295,1.0399999618530273,0.9599999785423279,1.0399999618530273,144100
2019-12-20,0.9599999785423279,0.9900000095367432,0.9599999785423279,0.9700000286102295,60900
2019-12-23,0.949999988079071,0.9900000095367432,0.9100000262260437,0.9599999785423279,143000
2019-12-24,0.9300000071525574,0.949999988079071,0.9200000166893005,0.9300000071525574,42900
2019-12-26,0.9200000166893005,0.949999988079071,0.8999999761581421,0.9300000071525574,67600
2019-12-27,0.8999999761581421,0.9300000071525574,0.8600000143051147,0.9100000262260437,135200
2019-12-30,0.8999999761581421,0.9100000262260437,0.8600000143051147,0.8899999856948853,83800
2019-12-31,0.8799999952316284,0.9100000262260437,0.8600000143051147,0.8600000143051147,140100
2020-01-02,1.0499999523162842,1.0800000429153442,0.8799999952316284,0.8799999952316284,447600
2020-01-03,0.9599999785423279,1.0,0.9300000071525574,0.9900000095367432,128000
2020-01-06,0.9700000286102295,1.059999942779541,0.9599999785423279,0.9599999785423279,192100
2020-01-07,1.090000033378601,1.1200000047683716,0.9800000190734863,0.9800000190734863,1039100
2020-01-08,0.949999988079071,1.1299999952316284,0.9200000166893005,1.1299999952316284,487700
2020-01-09,0.9300000071525574,0.949999988079071,0.8999999761581421,0.8999999761581421,129500
2020-01-10,0.9300000071525574,0.9900000095367432,0.9200000166893005,0.9599999785423279,186400
2020-01-13,0.9100000262260437,0.9599999785423279,0.8999999761581421,0.9300000071525574,92500
2020-01-14,0.9900000095367432,1.0299999713897705,0.949999988079071,0.949999988079071,346300
2020-01-15,0.9900000095367432,1.0499999523162842,0.9700000286102295,1.0499999523162842,107100
2020-01-16,1.0199999809265137,1.0399999618530273,0.9399999976158142,0.9900000095367432,138100
2020-01-17,1.0299999713897705,1.0399999618530273,0.9900000095367432,0.9900000095367432,139900
2020-01-21,0.9800000190734863,1.0399999618530273,0.9700000286102295,1.0199999809265137,138100
2020-01-22,0.9800000190734863,1.0099999904632568,0.9700000286102295,0.9700000286102295,55000
2020-01-23,0.9399999976158142,0.9700000286102295,0.9399999976158142,0.9700000286102295,78000
2020-01-24,0.9300000071525574,0.949999988079071,0.9200000166893005,0.9399999976158142,91100
2020-01-27,0.949999988079071,1.0,0.9100000262260437,0.9100000262260437,102800
2020-01-28,1.0099999904632568,1.1200000047683716,0.9700000286102295,0.9700000286102295,510700
2020-01-29,0.9900000095367432,1.0399999618530273,0.9700000286102295,1.0399999618530273,85200
2020-01-30,1.0700000524520874,1.100000023841858,0.9599999785423279,0.9900000095367432,238100
2020-01-31,1.0399999618530273,1.100000023841858,0.9900000095367432,1.100000023841858,163500
2020-02-03,1.0199999809265137,1.059999942779541,1.0,1.0399999618530273,102900
2020-02-04,1.0199999809265137,1.0499999523162842,0.9900000095367432,1.0499999523162842,63300
2020-02-05,1.149999976158142,1.1699999570846558,1.0499999523162842,1.0499999523162842,433700
2020-02-06,1.1100000143051147,1.2000000476837158,1.0800000429153442,1.1799999475479126,259200
2020-02-07,1.1399999856948853,1.2000000476837158,1.100000023841858,1.100000023841858,96100
2020-02-10,1.1100000143051147,1.2200000286102295,1.0800000429153442,1.2000000476837158,199700
2020-02-11,1.1799999475479126,1.2799999713897705,1.100000023841858,1.1100000143051147,415300
2020-02-12,1.2599999904632568,1.350000023841858,1.2200000286102295,1.2200000286102295,449400
2020-02-13,1.25,1.340000033378601,1.2200000286102295,1.2699999809265137,128800
2020-02-14,1.25,1.2999999523162842,1.2400000095367432,1.25,92800
2020-02-18,1.1100000143051147,1.2200000286102295,1.059999942779541,1.1799999475479126,303000
2020-02-19,1.0700000524520874,1.190000057220459,1.0099999904632568,1.190000057220459,224400
2020-02-20,1.0399999618530273,1.0499999523162842,1.0,1.0399999618530273,101500
2020-02-21,1.0299999713897705,1.0499999523162842,1.0,1.0099999904632568,86600
2020-02-24,0.9800000190734863,1.0399999618530273,0.9599999785423279,1.0099999904632568,150400
2020-02-25,0.949999988079071,1.0,0.949999988079071,0.9800000190734863,48900
2020-02-26,0.9599999785423279,0.9900000095367432,0.949999988079071,0.949999988079071,113700
2020-02-27,0.9300000071525574,0.9599999785423279,0.800000011920929,0.9599999785423279,197500
2020-02-28,0.8600000143051147,0.8999999761581421,0.8299999833106995,0.8500000238418579,141600
2020-03-02,0.8799999952316284,0.9200000166893005,0.8600000143051147,0.8700000047683716,59800
2020-03-03,0.8999999761581421,0.9200000166893005,0.8500000238418579,0.9100000262260437,81200
2020-03-04,0.9100000262260437,0.9100000262260437,0.8600000143051147,0.8999999761581421,27800
2020-03-05,0.9100000262260437,0.949999988079071,0.8899999856948853,0.949999988079071,59000
2020-03-06,0.8899999856948853,0.9300000071525574,0.8700000047683716,0.9200000166893005,82000
2020-03-09,0.7200000286102295,0.7799999713897705,0.6299999952316284,0.7799999713897705,161500
2020-03-10,0.7400000095367432,0.75,0.7200000286102295,0.7300000190734863,52700
2020-03-11,0.7200000286102295,0.7799999713897705,0.699999988079071,0.7400000095367432,60600
2020-03-12,0.5400000214576721,0.6899999976158142,0.5199999809265137,0.6899999976158142,162500
2020-03-13,0.6000000238418579,0.6200000047683716,0.5299999713897705,0.6200000047683716,89000
2020-03-16,0.49000000953674316,0.550000011920929,0.3499999940395355,0.3499999940395355,136000
2020-03-17,0.47999998927116394,0.5199999809265137,0.47999998927116394,0.5099999904632568,73700
2020-03-18,0.4000000059604645,0.5199999809265137,0.3799999952316284,0.49000000953674316,49200
2020-03-19,0.47999998927116394,0.47999998927116394,0.4000000059604645,0.4000000059604645,85800
2020-03-20,0.5199999809265137,0.5899999737739563,0.4399999976158142,0.46000000834465027,115900
2020-03-23,0.44999998807907104,0.5600000023841858,0.44999998807907104,0.5299999713897705,97300
2020-03-24,0.5199999809265137,0.5400000214576721,0.44999998807907104,0.47999998927116394,136400
2020-03-25,0.5,0.5299999713897705,0.49000000953674316,0.5299999713897705,88400
2020-03-26,0.5199999809265137,0.5400000214576721,0.5,0.5099999904632568,89600
2020-03-27,0.5,0.5400000214576721,0.49000000953674316,0.5099999904632568,125400
2020-03-30,0.49000000953674316,0.5299999713897705,0.46000000834465027,0.5299999713897705,85100
2020-03-31,0.44999998807907104,0.5,0.4000000059604645,0.5,99200
2020-04-01,0.4000000059604645,0.47999998927116394,0.38999998569488525,0.46000000834465027,85200
2020-04-02,0.44999998807907104,0.46000000834465027,0.4099999964237213,0.4099999964237213,208100
2020-04-03,0.46000000834465027,0.4699999988079071,0.4399999976158142,0.46000000834465027,39700
2020-04-06,0.5,0.5199999809265137,0.44999998807907104,0.5,914900
2020-04-07,0.5,0.5699999928474426,0.4699999988079071,0.5099999904632568,1044100
2020-04-08,0.47999998927116394,0.5,0.4300000071525574,0.4699999988079071,227100
2020-04-09,0.46000000834465027,0.49000000953674316,0.4399999976158142,0.47999998927116394,154300
2020-04-13,0.4399999976158142,0.46000000834465027,0.4300000071525574,0.46000000834465027,128200
2020-04-14,0.44999998807907104,0.4699999988079071,0.4000000059604645,0.44999998807907104,157800
2020-04-15,0.44999998807907104,0.46000000834465027,0.4099999964237213,0.44999998807907104,173500
2020-04-16,0.4300000071525574,0.49000000953674316,0.41999998688697815,0.44999998807907104,835600
2020-04-17,0.4300000071525574,0.46000000834465027,0.41999998688697815,0.46000000834465027,219900
2020-04-20,0.4300000071525574,0.4399999976158142,0.41999998688697815,0.41999998688697815,175500
2020-04-21,0.41999998688697815,0.44999998807907104,0.3799999952316284,0.4300000071525574,342700
2020-04-22,0.41999998688697815,0.4300000071525574,0.4000000059604645,0.4300000071525574,109800
2020-04-23,0.5,0.5,0.4000000059604645,0.4300000071525574,3280300
2020-04-24,0.4699999988079071,0.47999998927116394,0.4300000071525574,0.47999998927116394,661200
2020-04-27,0.46000000834465027,0.5099999904632568,0.44999998807907104,0.5099999904632568,581400
2020-04-28,0.4399999976158142,0.4699999988079071,0.4300000071525574,0.46000000834465027,313900
2020-04-29,0.47999998927116394,0.550000011920929,0.46000000834465027,0.47999998927116394,3810800
2020-04-30,0.44999998807907104,0.5,0.4300000071525574,0.5,1285000
2020-05-01,0.4399999976158142,0.44999998807907104,0.4099999964237213,0.44999998807907104,483800
2020-05-04,0.4300000071525574,0.46000000834465027,0.4099999964237213,0.46000000834465027,558000
2020-05-05,0.44999998807907104,0.5,0.4300000071525574,0.4399999976158142,6301500
2020-05-06,0.5199999809265137,0.6200000047683716,0.4699999988079071,0.5099999904632568,8662800
2020-05-07,0.6700000166893005,0.699999988079071,0.5299999713897705,0.550000011920929,9859100
2020-05-08,0.8999999761581421,1.1200000047683716,0.6800000071525574,0.7300000190734863,32496400
2020-05-11,0.7599999904632568,0.8299999833106995,0.699999988079071,0.800000011920929,9327000
2020-05-12,0.6200000047683716,0.75,0.6100000143051147,0.7099999785423279,4665000
2020-05-13,0.7400000095367432,0.7400000095367432,0.6200000047683716,0.6600000262260437,7863000
2020-05-14,0.8600000143051147,1.0499999523162842,0.7599999904632568,0.8500000238418579,20875600
2020-05-15,0.800000011920929,0.8399999737739563,0.7200000286102295,0.7799999713897705,3576400
2020-05-18,0.8100000023841858,0.8700000047683716,0.7799999713897705,0.8600000143051147,2694300
2020-05-19,0.8100000023841858,0.8600000143051147,0.7900000214576721,0.8199999928474426,2770600
2020-05-20,0.8299999833106995,0.9399999976158142,0.8100000023841858,0.8500000238418579,6305200
2020-05-21,0.7099999785423279,0.8100000023841858,0.699999988079071,0.800000011920929,3494300
2020-05-22,0.7300000190734863,0.7400000095367432,0.699999988079071,0.7099999785423279,1786900
2020-05-26,0.7200000286102295,0.7200000286102295,0.6600000262260437,0.7099999785423279,1907200
2020-05-27,0.7200000286102295,0.75,0.699999988079071,0.7300000190734863,1979800
2020-05-28,0.7300000190734863,0.7599999904632568,0.7099999785423279,0.75,2828700
2020-05-29,0.699999988079071,0.7799999713897705,0.6800000071525574,0.7699999809265137,1876000
2020-06-01,0.7300000190734863,0.75,0.7099999785423279,0.7200000286102295,4256700
2020-06-02,0.8199999928474426,0.9800000190734863,0.7900000214576721,0.8799999952316284,14269500
2020-06-03,0.9200000166893005,0.9700000286102295,0.8399999737739563,0.9599999785423279,12774800
2020-06-04,1.090000033378601,1.1799999475479126,0.8600000143051147,0.9100000262260437,11848200
2020-06-05,1.0,1.059999942779541,0.9200000166893005,1.0499999523162842,3812100
2020-06-08,0.9100000262260437,0.9900000095367432,0.8999999761581421,0.9900000095367432,3241100
2020-06-09,0.8999999761581421,0.949999988079071,0.8799999952316284,0.949999988079071,2493500
2020-06-10,1.25,1.399999976158142,0.9700000286102295,1.0399999618530273,35201000
2020-06-11,0.9300000071525574,1.090000033378601,0.8999999761581421,1.0,7838800
2020-06-12,0.9300000071525574,1.0199999809265137,0.9100000262260437,1.0099999904632568,2969600
2020-06-15,0.949999988079071,1.0199999809265137,0.9100000262260437,0.949999988079071,5714600
2020-06-16,0.9399999976158142,1.0099999904632568,0.9100000262260437,1.0,2845200
2020-06-17,0.8799999952316284,0.9399999976158142,0.8700000047683716,0.9300000071525574,2763700
2020-06-18,0.8600000143051147,0.9100000262260437,0.8399999737739563,0.8799999952316284,1584100
2020-06-19,0.8399999737739563,0.9200000166893005,0.8399999737739563,0.8799999952316284,1938200
2020-06-22,1.090000033378601,1.1799999475479126,0.8600000143051147,0.8700000047683716,12568600
2020-06-23,1.100000023841858,1.190000057220459,0.9900000095367432,1.1699999570846558,8711900
2020-06-24,0.9800000190734863,1.0399999618530273,0.9399999976158142,1.0,3596800
2020-06-25,1.0099999904632568,1.059999942779541,0.9599999785423279,0.9599999785423279,2169300
2020-06-26,0.9200000166893005,0.9800000190734863,0.8999999761581421,0.9800000190734863,2501100
2020-06-29,0.8899999856948853,0.9200000166893005,0.8500000238418579,0.8999999761581421,1539900
2020-06-30,0.9100000262260437,0.9700000286102295,0.8600000143051147,0.8700000047683716,1905700
2020-07-01,0.9300000071525574,0.9599999785423279,0.8899999856948853,0.8999999761581421,2344500
2020-07-02,0.9100000262260437,0.9599999785423279,0.8999999761581421,0.9599999785423279,1649900
2020-07-06,0.9399999976158142,0.9599999785423279,0.9100000262260437,0.9300000071525574,1900100
2020-07-07,0.8999999761581421,0.9300000071525574,0.8999999761581421,0.9200000166893005,1024200
2020-07-08,1.0,1.0499999523162842,0.9100000262260437,0.9200000166893005,5136500
2020-07-09,0.9399999976158142,1.0199999809265137,0.9100000262260437,1.0199999809265137,2313800
2020-07-10,0.9300000071525574,0.9599999785423279,0.9100000262260437,0.9200000166893005,723100
2020-07-13,0.8799999952316284,0.949999988079071,0.8700000047683716,0.9300000071525574,1681400
2020-07-14,0.9100000262260437,0.9200000166893005,0.8799999952316284,0.9200000166893005,1110700
2020-07-15,0.9200000166893005,0.9399999976158142,0.8899999856948853,0.9100000262260437,1278500
2020-07-16,0.9100000262260437,0.9300000071525574,0.8999999761581421,0.8999999761581421,897700
2020-07-17,0.8999999761581421,0.9300000071525574,0.8899999856948853,0.9200000166893005,879500
2020-07-20,0.9300000071525574,0.9300000071525574,0.8999999761581421,0.9100000262260437,1136500
2020-07-21,0.9399999976158142,1.0,0.9300000071525574,0.949999988079071,3760200
2020-07-22,1.0499999523162842,1.2200000286102295,0.9599999785423279,0.9700000286102295,13490900
2020-07-23,0.9599999785423279,1.2000000476837158,0.9300000071525574,1.1200000047683716,12385700
2020-07-24,1.0399999618530273,1.149999976158142,0.9100000262260437,0.9300000071525574,25520000
2020-07-27,1.4199999570846558,1.7200000286102295,1.2699999809265137,1.3700000047683716,75828500
2020-07-28,1.7100000381469727,2.0299999713897705,1.440000057220459,1.5199999809265137,73062600
2020-07-29,1.8200000524520874,1.940000057220459,1.7200000286102295,1.7999999523162842,26702500
2020-07-30,1.7799999713897705,1.7999999523162842,1.5399999618530273,1.7200000286102295,10583000
2020-07-31,2.0299999713897705,2.190000057220459,1.6699999570846558,1.7300000190734863,37466400
2020-08-03,3.8299999237060547,4.789999961853027,2.8399999141693115,3.109999895095825,225520800
2020-08-04,3.309999942779541,3.6600000858306885,2.859999895095825,3.009999990463257,28945700
2020-08-05,4.199999809265137,4.739999771118164,3.9100000858306885,4.199999809265137,97988400
2020-08-06,5.090000152587891,5.25,4.440000057220459,4.5,80517400
2020-08-07,4.380000114440918,4.690000057220459,3.9800000190734863,4.550000190734863,27004100
2020-08-10,4.440000057220459,4.929999828338623,4.349999904632568,4.900000095367432,18341200
2020-08-11,3.859999895095825,4.159999847412109,3.700000047683716,3.880000114440918,14350700
2020-08-12,3.569999933242798,4.050000190734863,3.430000066757202,4.050000190734863,9616400
2020-08-13,3.549999952316284,3.9000000953674316,3.0399999618530273,3.25,16577900
2020-08-14,3.869999885559082,4.090000152587891,3.549999952316284,3.8399999141693115,22073500
2020-08-17,3.7200000286102295,4.190000057220459,3.549999952316284,4.039999961853027,27713400
2020-08-18,3.4100000858306885,3.6700000762939453,3.25,3.6700000762939453,9986500
2020-08-19,3.140000104904175,3.4100000858306885,3.0999999046325684,3.200000047683716,7388200
2020-08-20,3.2699999809265137,3.2899999618530273,3.0799999237060547,3.140000104904175,8377800
2020-08-21,2.7100000381469727,3.1500000953674316,2.4600000381469727,3.1500000953674316,14544300
2020-08-24,2.309999942779541,2.8399999141693115,2.299999952316284,2.8299999237060547,8553000
2020-08-25,2.440000057220459,2.509999990463257,2.0799999237060547,2.140000104904175,8316100
2020-08-26,2.5399999618530273,2.630000114440918,2.440000057220459,2.5899999141693115,8319800
2020-08-27,2.259999990463257,2.549999952316284,2.2200000286102295,2.5,5742200
2020-08-28,2.559999942779541,2.75,2.259999990463257,2.2799999713897705,12613200
2020-08-31,2.4800000190734863,2.7300000190734863,2.309999942779541,2.7300000190734863,6973000
2020-09-01,2.569999933242798,2.809999942779541,2.380000114440918,2.5,17839500
2020-09-02,2.380000114440918,2.4000000953674316,2.2300000190734863,2.359999895095825,6341800
2020-09-03,2.0999999046325684,2.25,2.059999942779541,2.130000114440918,6075900
2020-09-04,2.0899999141693115,2.190000057220459,1.7200000286102295,2.0399999618530273,8612500
2020-09-08,1.850000023841858,2.069999933242798,1.7899999618530273,1.809999942779541,5140800
2020-09-09,1.9700000286102295,2.049999952316284,1.8799999952316284,1.9299999475479126,3843600
2020-09-10,1.8899999856948853,2.0899999141693115,1.8600000143051147,2.0199999809265137,4548900
2020-09-11,1.7999999523162842,1.9199999570846558,1.75,1.8899999856948853,3239600
2020-09-14,1.9800000190734863,1.9900000095367432,1.850000023841858,1.8600000143051147,5648400
2020-09-15,1.9800000190734863,2.0899999141693115,1.9199999570846558,2.009999990463257,4264800
2020-09-16,2.069999933242798,2.3299999237060547,1.9900000095367432,2.0,13004200
2020-09-17,1.9900000095367432,2.0399999618530273,1.8899999856948853,1.9600000381469727,4019500
2020-09-18,1.9199999570846558,2.0199999809265137,1.9199999570846558,2.009999990463257,3486600
2020-09-21,1.8899999856948853,1.8899999856948853,1.7899999618530273,1.809999942779541,3726600
2020-09-22,1.8200000524520874,1.899999976158142,1.809999942779541,1.8899999856948853,1922000
2020-09-23,1.6399999856948853,1.850000023841858,1.6399999856948853,1.809999942779541,4071000
2020-09-24,1.75,1.8899999856948853,1.4800000190734863,1.600000023841858,5946700
2020-09-25,1.9299999475479126,2.049999952316284,1.7400000095367432,1.7599999904632568,8295300
2020-09-28,2.0199999809265137,2.1500000953674316,1.9800000190734863,2.049999952316284,3865800
2020-09-29,2.0199999809265137,2.0799999237060547,1.9500000476837158,1.9900000095367432,2396700
2020-09-30,1.9600000381469727,2.049999952316284,1.909999966621399,2.0,2040900
2020-10-01,1.9500000476837158,2.0299999713897705,1.899999976158142,2.009999990463257,2484900
2020-10-02,1.9600000381469727,1.9600000381469727,1.8200000524520874,1.850000023841858,1840400
2020-10-05,1.9600000381469727,2.009999990463257,1.8899999856948853,1.9600000381469727,2880200
2020-10-06,1.8700000047683716,1.9500000476837158,1.850000023841858,1.9299999475479126,2219700
2020-10-07,1.940000057220459,1.940000057220459,1.8700000047683716,1.8700000047683716,1714600
2020-10-08,2.140000104904175,2.369999885559082,1.9700000286102295,1.9800000190734863,18834600
2020-10-09,2.1600000858306885,2.2699999809265137,2.059999942779541,2.240000009536743,6001700
2020-10-12,2.4200000762939453,2.5899999141693115,2.1500000953674316,2.2200000286102295,18581600
2020-10-13,2.359999895095825,2.5,2.2200000286102295,2.5,7581600
2020-10-14,2.25,2.4200000762939453,2.180000066757202,2.25,6173400
2020-10-15,2.3299999237060547,2.369999885559082,2.119999885559082,2.119999885559082,5121400
2020-10-16,2.180000066757202,2.309999942779541,2.1600000858306885,2.299999952316284,3428700
2020-10-19,2.3399999141693115,2.4700000286102295,2.240000009536743,2.2899999618530273,12348800
2020-10-20,2.4600000381469727,2.680000066757202,2.359999895095825,2.4800000190734863,19529300
2020-10-21,2.8399999141693115,3.059999942779541,2.7200000286102295,2.799999952316284,34785300
2020-10-22,3.0,3.109999895095825,2.7100000381469727,3.069999933242798,23509400
2020-10-23,2.740000009536743,2.880000114440918,2.5799999237060547,2.869999885559082,10512700
2020-10-26,2.5399999618530273,2.940000057220459,2.4200000762939453,2.9100000858306885,13681100
2020-10-27,2.759999990463257,2.8499999046325684,2.569999933242798,2.759999990463257,18966900
2020-10-28,2.3499999046325684,2.549999952316284,2.2799999713897705,2.5,12497500
2020-10-29,2.2799999713897705,2.490000009536743,2.259999990463257,2.2799999713897705,11043800
2020-10-30,2.1600000858306885,2.2699999809265137,2.069999933242798,2.2699999809265137,9964000
2020-11-02,2.0999999046325684,2.25,2.059999942779541,2.119999885559082,7388800
2020-11-03,2.2200000286102295,2.3499999046325684,2.119999885559082,2.1600000858306885,8262700
2020-11-04,2.3499999046325684,2.5399999618530273,2.1500000953674316,2.259999990463257,17677900
2020-11-05,2.5,2.5899999141693115,2.430000066757202,2.509999990463257,17925100
2020-11-06,2.4100000858306885,2.5299999713897705,2.3399999141693115,2.5299999713897705,9111000
2020-11-09,2.2100000381469727,2.3399999141693115,2.1600000858306885,2.299999952316284,8188400
2020-11-10,2.190000057220459,2.2300000190734863,2.059999942779541,2.1600000858306885,3942500
2020-11-11,2.3299999237060547,2.430000066757202,2.200000047683716,2.2300000190734863,8969000
2020-11-12,2.299999952316284,2.450000047683716,2.240000009536743,2.380000114440918,8648900
2020-11-13,2.390000104904175,2.440000057220459,2.180000066757202,2.319999933242798,8794100
2020-11-16,2.4800000190734863,2.5299999713897705,2.3299999237060547,2.380000114440918,11321200
2020-11-17,3.0999999046325684,3.1600000858306885,2.5,2.5799999237060547,59645000
2020-11-18,2.890000104904175,3.509999990463257,2.7799999713897705,3.4600000381469727,49980500
2020-11-19,3.0899999141693115,3.240000009536743,2.950000047683716,3.059999942779541,21534000
2020-11-20,3.390000104904175,3.5,3.140000104904175,3.180000066757202,30386300
2020-11-23,4.920000076293945,4.960000038146973,3.680000066757202,3.7300000190734863,55605000
2020-11-24,4.909999847412109,6.050000190734863,4.269999980926514,6.010000228881836,50743800
2020-11-25,5.119999885559082,5.449999809265137,5.0,5.090000152587891,22889600
2020-11-27,4.28000020980835,4.630000114440918,4.03000020980835,4.190000057220459,18155600
2020-11-30,6.28000020980835,6.28000020980835,5.050000190734863,5.139999866485596,69432100
2020-12-01,6.190000057220459,6.800000190734863,5.550000190734863,5.860000133514404,35822300
2020-12-02,5.760000228881836,6.010000228881836,5.460000038146973,5.980000019073486,15836100
2020-12-03,5.909999847412109,6.179999828338623,5.659999847412109,5.960000038146973,25417500
2020-12-04,5.400000095367432,5.900000095367432,5.369999885559082,5.760000228881836,22191100
2020-12-07,5.510000228881836,6.039999961853027,5.389999866485596,5.400000095367432,21467800
2020-12-08,5.179999828338623,5.489999771118164,5.070000171661377,5.420000076293945,13333500
2020-12-09,4.78000020980835,5.340000152587891,4.519999980926514,5.230000019073486,16146300
2020-12-10,5.21999979019165,5.289999961853027,4.5,4.510000228881836,12805000
2020-12-11,4.75,5.170000076293945,4.659999847412109,4.980000019073486,10126500
2020-12-14,5.539999961853027,5.860000133514404,5.139999866485596,5.320000171661377,23564900
2020-12-15,7.070000171661377,7.159999847412109,5.53000020980835,5.699999809265137,38775400
2020-12-16,8.229999542236328,8.850000381469727,7.650000095367432,8.180000305175781,88747800
2020-12-17,9.470000267028809,10.449999809265137,9.029999732971191,9.65999984741211,89585900
2020-12-18,9.3100004196167,10.1899995803833,8.430000305175781,8.800000190734863,42205500
2020-12-21,11.5,11.550000190734863,9.050000190734863,9.109999656677246,50428000
2020-12-22,13.970000267028809,14.079999923706055,12.229999542236328,12.949999809265137,55643900
2020-12-23,10.8100004196167,13.850000381469727,10.789999961853027,13.680000305175781,41595300
2020-12-24,10.920000076293945,12.350000381469727,10.550000190734863,11.670000076293945,19138200
2020-12-28,12.25,14.65999984741211,12.100000381469727,14.0,58753600
2020-12-29,11.760000228881836,12.539999961853027,11.09000015258789,12.229999542236328,28427100
2020-12-30,10.880000114440918,12.949999809265137,10.710000038146973,12.5600004196167,55300400
2020-12-31,10.4399995803833,11.609999656677246,9.619999885559082,10.869999885559082,36916400
2021-01-04,11.010000228881836,12.489999771118164,10.529999732971191,12.479999542236328,35826600
2021-01-05,13.59000015258789,14.300000190734863,10.6899995803833,10.699999809265137,61984100
2021-01-06,16.959999084472656,17.579999923706055,14.25,14.579999923706055,83119900
2021-01-07,22.360000610351562,24.350000381469727,18.549999237060547,20.18000030517578,118963600
2021-01-08,26.389999389648438,28.3700008392334,23.799999237060547,25.059999465942383,97428200
2021-01-11,23.360000610351562,25.440000534057617,19.600000381469727,20.0,93551100
2021-01-12,26.149999618530273,26.920000076293945,22.809999465942383,24.0,57414200
2021-01-13,23.0,23.65999984741211,21.649999618530273,22.389999389648438,69463000
2021-01-14,24.440000534057617,26.549999237060547,23.729999542236328,25.90999984741211,55343600
2021-01-15,22.389999389648438,23.670000076293945,21.850000381469727,23.100000381469727,33851100
2021-01-19,22.350000381469727,23.93000030517578,22.040000915527344,23.81999969482422,28223700
2021-01-20,19.270000457763672,21.3799991607666,17.59000015258789,21.110000610351562,45124100
2021-01-21,17.559999465942383,19.100000381469727,15.720000267028809,16.450000762939453,51838200
2021-01-22,18.299999237060547,19.850000381469727,17.950000762939453,18.770000457763672,41305200
2021-01-25,18.219999313354492,19.56999969482422,17.450000762939453,19.5,24655900
2021-01-26,18.600000381469727,19.59000015258789,17.010000228881836,17.5,29926800
2021-01-27,17.649999618530273,18.43000030517578,16.479999542236328,17.09000015258789,17609100
2021-01-28,19.899999618530273,21.959999084472656,17.15999984741211,18.389999389648438,39673500
2021-01-29,20.739999771118164,24.18000030517578,19.649999618530273,24.139999389648438,43378300
2021-02-01,20.739999771118164,21.15999984741211,19.350000381469727,20.579999923706055,17122600
2021-02-02,22.739999771118164,23.40999984741211,20.299999237060547,21.389999389648438,23919100
2021-02-03,23.670000076293945,24.959999084472656,22.799999237060547,23.0,26745800
2021-02-04,22.799999237060547,24.09000015258789,21.860000610351562,24.0,21042000
2021-02-05,22.520000457763672,23.889999389648438,21.899999618530273,23.100000381469727,16620800
2021-02-08,32.06999969482422,32.06999969482422,25.649999618530273,26.940000534057617,73091600
2021-02-09,37.59000015258789,39.7400016784668,33.529998779296875,35.5099983215332,57665400
2021-02-10,34.0099983215332,36.349998474121094,30.6299991607666,34.65999984741211,30291700
2021-02-11,37.27000045776367,41.0,36.0,38.29999923706055,38459700
2021-02-12,38.459999084472656,40.9900016784668,36.310001373291016,37.88999938964844,31026300
2021-02-16,43.560001373291016,45.2599983215332,41.25,41.959999084472656,29144000
2021-02-17,47.900001525878906,49.40999984741211,43.650001525878906,46.029998779296875,35069000
2021-02-18,40.97999954223633,47.720001220703125,40.720001220703125,44.18000030517578,24599800
2021-02-19,43.27000045776367,46.400001525878906,42.18000030517578,43.7599983215332,24234100
2021-02-22,37.11000061035156,41.4900016784668,36.599998474121094,37.04999923706055,20575300
2021-02-23,28.559999465942383,31.709999084472656,26.059999465942383,30.989999771118164,31753900
2021-02-24,33.40999984741211,36.540000915527344,31.1299991607666,32.54999923706055,26775000
2021-02-25,30.6299991607666,37.689998626708984,29.68000030517578,36.06999969482422,23955600
2021-02-26,30.149999618530273,32.349998474121094,28.200000762939453,28.549999237060547,21127500
2021-03-01,38.5,38.5,32.33000183105469,34.220001220703125,22963800
2021-03-02,34.88999938964844,40.0,34.66999816894531,40.0,17302500
2021-03-03,36.619998931884766,38.45000076293945,34.83000183105469,38.11000061035156,18558700
2021-03-04,32.0099983215332,36.20000076293945,28.5,34.349998474121094,20974700
2021-03-05,30.030000686645508,32.880001068115234,24.110000610351562,32.400001525878906,24275700
2021-03-08,28.510000228881836,32.45000076293945,28.010000228881836,31.5,16352300
2021-03-09,36.77000045776367,37.959999084472656,31.829999923706055,32.02000045776367,27885100
2021-03-10,38.189998626708984,40.54999923706055,36.29999923706055,39.400001525878906,24032800
2021-03-11,41.810001373291016,42.209999084472656,37.869998931884766,38.900001525878906,19389200
2021-03-12,40.70000076293945,43.599998474121094,37.5,37.77000045776367,15683400
2021-03-15,43.099998474121094,44.869998931884766,41.0,41.0099983215332,15997600
2021-03-16,38.36000061035156,42.189998626708984,37.08000183105469,41.59000015258789,14829500
2021-03-17,43.18000030517578,43.400001525878906,35.0,37.0099983215332,21192100
2021-03-18,41.560001373291016,45.90999984741211,40.709999084472656,41.900001525878906,22632700
2021-03-19,43.04999923706055,44.29999923706055,41.599998474121094,42.310001373291016,18246700
2021-03-22,39.9900016784668,43.22999954223633,39.130001068115234,42.970001220703125,16740600
2021-03-23,38.040000915527344,41.369998931884766,37.61000061035156,39.189998626708984,15570400
2021-03-24,34.040000915527344,40.59000015258789,33.63999938964844,40.02000045776367,14714100
2021-03-25,34.20000076293945,34.70000076293945,29.56999969482422,29.84000015258789,17276000
2021-03-26,36.09000015258789,36.189998626708984,33.79999923706055,34.75,10801900
2021-03-29,38.130001068115234,40.439998626708984,37.619998931884766,39.02000045776367,15161100
2021-03-30,44.13999938964844,44.349998474121094,38.54999923706055,39.33000183105469,23344700
2021-03-31,48.02000045776367,50.209999084472656,42.599998474121094,43.529998779296875,35148800
2021-04-01,48.849998474121094,51.7599983215332,47.310001373291016,48.880001068115234,20813200
2021-04-05,56.560001373291016,57.16999816894531,47.400001525878906,48.88999938964844,29046800
2021-04-06,52.45000076293945,57.75,51.220001220703125,56.689998626708984,21419500
2021-04-07,46.2599983215332,51.16999816894531,45.54999923706055,49.209999084472656,21233700
2021-04-08,49.81999969482422,52.099998474121094,48.470001220703125,48.70000076293945,22117800
2021-04-09,49.0,52.11000061035156,46.849998474121094,51.0,20887500
2021-04-12,50.06999969482422,54.52000045776367,48.709999084472656,51.61000061035156,27398800
2021-04-13,51.0,54.040000915527344,49.720001220703125,54.0,33395300
2021-04-14,42.970001220703125,50.97999954223633,42.2599983215332,50.959999084472656,43053800
2021-04-15,42.13999938964844,44.97999954223633,38.54999923706055,43.869998931884766,35506900
2021-04-16,38.93000030517578,41.189998626708984,37.68000030517578,39.599998474121094,23728200
2021-04-19,35.54999923706055,37.09000015258789,33.2400016784668,35.02000045776367,28403500
2021-04-20,33.56999969482422,35.77000045776367,30.739999771118164,34.79999923706055,26874700
2021-04-21,34.93000030517578,35.68000030517578,31.049999237060547,31.389999389648438,22768400
2021-04-22,31.059999465942383,35.72999954223633,30.920000076293945,34.54999923706055,22212700
2021-04-23,32.29999923706055,32.709999084472656,28.360000610351562,29.09000015258789,21697800
2021-04-26,34.13999938964844,36.31999969482422,33.2599983215332,34.91999816894531,20890200
2021-04-27,34.119998931884766,35.400001525878906,33.779998779296875,35.099998474121094,12994300
2021-04-28,37.63999938964844,37.91999816894531,33.58000183105469,34.18000030517578,20558200
2021-04-29,34.2599983215332,36.63999938964844,33.79999923706055,36.099998474121094,15562100
2021-04-30,36.779998779296875,38.54999923706055,34.66999816894531,34.97999954223633,22154500
2021-05-03,36.220001220703125,39.68000030517578,35.209999084472656,38.20000076293945,17671200
2021-05-04,33.95000076293945,35.2400016784668,32.220001220703125,34.880001068115234,14261900
2021-05-05,33.54999923706055,36.22999954223633,32.95000076293945,34.5,15077600
2021-05-06,31.399999618530273,34.11000061035156,30.0,33.59000015258789,13903800
2021-05-07,31.329999923706055,32.790000915527344,30.809999465942383,31.90999984741211,11735100
2021-05-10,27.81999969482422,31.149999618530273,27.6200008392334,30.989999771118164,17201100
2021-05-11,25.950000762939453,26.40999984741211,23.229999542236328,23.600000381469727,23322000
2021-05-12,22.850000381469727,26.309999465942383,22.43000030517578,24.850000381469727,20186900
2021-05-13,19.65999984741211,22.600000381469727,18.31999969482422,21.3700008392334,33368400
2021-05-14,23.079999923706055,23.989999771118164,20.989999771118164,21.229999542236328,24535800
2021-05-17,22.360000610351562,22.510000228881836,20.309999465942383,20.559999465942383,19471000
2021-05-18,22.989999771118164,23.8700008392334,21.809999465942383,22.059999465942383,16461700
2021-05-19,21.709999084472656,21.780000686645508,19.309999465942383,19.450000762939453,33073100
2021-05-20,21.889999389648438,24.270000457763672,20.93000030517578,23.469999313354492,22823400
2021-05-21,20.889999389648438,22.799999237060547,20.40999984741211,21.940000534057617,20760500
2021-05-24,23.149999618530273,23.290000915527344,21.09000015258789,21.260000228881836,22112000
2021-05-25,22.6200008392334,23.290000915527344,21.93000030517578,22.399999618530273,13849400
2021-05-26,25.260000228881836,25.93000030517578,23.329999923706055,23.670000076293945,23333400
2021-05-27,25.84000015258789,27.110000610351562,24.780000686645508,26.510000228881836,20543600
2021-05-28,24.770000457763672,25.709999084472656,24.15999984741211,24.84000015258789,12356100
2021-06-01,25.200000762939453,25.649999618530273,24.450000762939453,24.540000915527344,11831000
2021-06-02,25.239999771118164,26.299999237060547,24.93000030517578,25.8799991607666,12685500
2021-06-03,23.790000915527344,25.719999313354492,23.729999542236328,25.639999389648438,9132900
2021-06-04,24.350000381469727,24.75,23.09000015258789,23.229999542236328,8142400
2021-06-07,24.389999389648438,24.6200008392334,23.579999923706055,24.139999389648438,7793100
2021-06-08,23.639999389648438,23.889999389648438,21.540000915527344,23.170000076293945,13667200
2021-06-09,26.139999389648438,27.239999771118164,23.40999984741211,23.959999084472656,17945200
2021-06-10,26.510000228881836,27.450000762939453,25.68000030517578,26.549999237060547,12889400
2021-06-11,26.549999237060547,27.049999237060547,25.829999923706055,26.600000381469727,7224800
2021-06-14,29.940000534057617,32.060001373291016,28.440000534057617,29.0,20040200
2021-06-15,30.670000076293945,31.6299991607666,28.950000762939453,30.84000015258789,14980400
2021-06-16,29.969999313354492,30.440000534057617,28.940000534057617,29.68000030517578,10244900
2021-06-17,30.059999465942383,32.040000915527344,29.84000015258789,29.84000015258789,11472600
2021-06-18,28.920000076293945,30.0,28.280000686645508,29.719999313354492,9797000
2021-06-21,27.829999923706055,28.579999923706055,27.010000228881836,27.200000762939453,10225800
2021-06-22,27.34000015258789,27.81999969482422,24.5,25.530000686645508,18428400
2021-06-23,27.610000610351562,29.100000381469727,27.420000076293945,28.360000610351562,9348300
2021-06-24,29.479999542236328,29.8799991607666,27.75,28.1200008392334,10040900
2021-06-25,28.190000534057617,28.93000030517578,27.65999984741211,28.549999237060547,22895500
2021-06-28,30.110000610351562,30.770000457763672,28.790000915527344,29.239999771118164,10762600
2021-06-29,31.889999389648438,33.720001220703125,31.299999237060547,31.899999618530273,14213800
2021-06-30,31.3700008392334,32.20000076293945,30.040000915527344,31.1200008392334,9633700
2021-07-01,30.690000534057617,31.549999237060547,30.200000762939453,31.3700008392334,5881700
2021-07-02,30.290000915527344,31.299999237060547,30.15999984741211,30.899999618530273,4748900
2021-07-06,29.719999313354492,30.950000762939453,29.030000686645508,30.829999923706055,5946400
2021-07-07,28.59000015258789,30.25,28.450000762939453,30.049999237060547,5634100
2021-07-08,27.790000915527344,28.1200008392334,26.600000381469727,27.030000686645508,5225900
2021-07-09,27.690000534057617,28.68000030517578,27.520000457763672,28.260000228881836,4204500
2021-07-12,27.3700008392334,28.020000457763672,26.200000762939453,27.809999465942383,4555300
2021-07-13,25.959999084472656,27.079999923706055,25.860000610351562,26.829999923706055,4209000
2021-07-14,24.639999389648438,26.6200008392334,24.56999969482422,26.229999542236328,4784000
2021-07-15,24.479999542236328,25.15999984741211,23.670000076293945,24.030000686645508,4665000
2021-07-16,23.329999923706055,24.799999237060547,23.299999237060547,24.59000015258789,4749100
2021-07-19,22.350000381469727,23.260000228881836,21.670000076293945,22.020000457763672,5960300
2021-07-20,22.6299991607666,22.899999618530273,20.610000610351562,21.950000762939453,6292400
2021-07-21,25.059999465942383,25.700000762939453,23.959999084472656,24.190000534057617,10684900
2021-07-22,25.260000228881836,25.639999389648438,24.079999923706055,25.489999771118164,6719800
2021-07-23,24.639999389648438,25.350000381469727,23.799999237060547,25.049999237060547,5328100
2021-07-26,29.579999923706055,29.969999313354492,27.200000762939453,28.219999313354492,18732800
2021-07-27,27.020000457763672,29.170000076293945,26.15999984741211,28.200000762939453,8900700
2021-07-28,28.15999984741211,28.75,27.540000915527344,28.420000076293945,6461800
2021-07-29,27.479999542236328,29.270000457763672,27.469999313354492,28.1200008392334,6233000
2021-07-30,27.6299991607666,28.200000762939453,27.010000228881836,27.209999084472656,4791900
2021-08-02,28.229999542236328,29.139999389648438,26.8799991607666,27.6299991607666,9763700
2021-08-03,27.1299991607666,28.059999465942383,26.200000762939453,28.0,7987500
2021-08-04,28.719999313354492,29.56999969482422,27.40999984741211,27.610000610351562,9121700
2021-08-05,31.469999313354492,31.5,27.6200008392334,27.989999771118164,11624200
2021-08-06,34.25,34.7400016784668,30.899999618530273,31.979999542236328,17648900
2021-08-09,35.97999954223633,37.77000045776367,35.380001068115234,36.220001220703125,18631500
2021-08-10,35.70000076293945,36.709999084472656,34.349998474121094,35.97999954223633,8647700
2021-08-11,35.18000030517578,37.099998474121094,34.5099983215332,36.310001373291016,8581600
2021-08-12,33.84000015258789,34.15999984741211,32.43000030517578,33.720001220703125,6146300
2021-08-13,32.880001068115234,36.25,32.72999954223633,35.06999969482422,9910400
2021-08-16,33.040000915527344,33.77000045776367,31.829999923706055,32.9900016784668,6224800
2021-08-17,30.649999618530273,33.540000915527344,30.030000686645508,32.93000030517578,7216500
2021-08-18,30.780000686645508,32.45000076293945,30.25,30.56999969482422,6087400
2021-08-19,31.809999465942383,32.43000030517578,30.100000381469727,30.299999237060547,8219200
2021-08-20,35.2599983215332,36.18000030517578,32.369998931884766,32.56999969482422,15533200
2021-08-23,36.7599983215332,38.790000915527344,35.599998474121094,37.56999969482422,19439800
2021-08-24,37.97999954223633,38.04999923706055,35.150001525878906,36.470001220703125,10997100
2021-08-25,38.33000183105469,38.9900016784668,36.77000045776367,37.40999984741211,9732400
2021-08-26,36.220001220703125,38.47999954223633,36.02000045776367,37.2400016784668,7795500
2021-08-27,40.20000076293945,40.65999984741211,36.25,36.599998474121094,13083300
2021-08-30,40.540000915527344,40.790000915527344,37.650001525878906,39.310001373291016,9673400
2021-08-31,40.59000015258789,41.58000183105469,39.27000045776367,39.86000061035156,8161900
2021-09-01,41.18000030517578,42.86000061035156,40.47999954223633,41.04999923706055,9554300
2021-09-02,42.20000076293945,44.52000045776367,41.720001220703125,43.189998626708984,10899600
2021-09-03,43.40999984741211,44.970001220703125,43.220001220703125,43.709999084472656,12697600
2021-09-07,39.38999938964844,43.65999984741211,38.65999984741211,42.79999923706055,15592800
2021-09-08,37.290000915527344,39.869998931884766,37.099998474121094,39.130001068115234,7771900
2021-09-09,38.88999938964844,40.29999923706055,37.86000061035156,38.25,9530900
2021-09-10,35.7400016784668,39.18000030517578,35.56999969482422,38.900001525878906,8576200
2021-09-13,35.59000015258789,36.66999816894531,34.2599983215332,35.040000915527344,8485100
2021-09-14,34.68000030517578,37.27000045776367,34.40999984741211,36.70000076293945,7443600
2021-09-15,37.04999923706055,37.20000076293945,35.18000030517578,36.09000015258789,9514000
2021-09-16,36.34000015258789,37.31999969482422,35.2599983215332,36.900001525878906,6203800
2021-09-17,35.84000015258789,36.59000015258789,35.470001220703125,36.45000076293945,6082300
2021-09-20,33.88999938964844,34.5,32.29999923706055,32.4900016784668,8322100
2021-09-21,33.2400016784668,34.209999084472656,32.45000076293945,34.209999084472656,6551400
2021-09-22,35.70000076293945,36.41999816894531,33.11000061035156,33.34000015258789,8110800
2021-09-23,37.70000076293945,37.720001220703125,35.540000915527344,35.88999938964844,7151300
2021-09-24,36.18000030517578,36.40999984741211,34.63999938964844,35.0,8227600
2021-09-27,35.16999816894531,37.029998779296875,35.09000015258789,36.279998779296875,5463400
2021-09-28,32.75,35.25,32.650001525878906,34.599998474121094,5648300
2021-09-29,30.610000610351562,33.34000015258789,30.549999237060547,33.119998931884766,7559700
2021-09-30,31.579999923706055,32.439998626708984,31.049999237060547,32.029998779296875,6362900
2021-10-01,33.16999816894531,34.27000045776367,32.34000015258789,34.029998779296875,8287800
2021-10-04,33.630001068115234,33.849998474121094,31.889999389648438,32.810001373291016,7867000
2021-10-05,37.189998626708984,37.290000915527344,33.880001068115234,34.20000076293945,11565400
2021-10-06,38.959999084472656,39.79999923706055,37.439998626708984,38.4900016784668,15438700
2021-10-07,38.41999816894531,38.59000015258789,37.11000061035156,38.150001525878906,8015100
2021-10-08,39.4900016784668,39.97999954223633,37.97999954223633,38.7400016784668,7564200
2021-10-11,42.959999084472656,44.119998931884766,40.43000030517578,40.560001373291016,14174500
2021-10-12,40.86000061035156,43.040000915527344,39.630001068115234,42.880001068115234,10236200
2021-10-13,43.790000915527344,43.880001068115234,39.54999923706055,40.65999984741211,9918800
2021-10-14,43.59000015258789,44.880001068115234,42.29999923706055,44.29999923706055,10298100
2021-10-15,48.88999938964844,48.95000076293945,45.15999984741211,45.5,22547400
2021-10-18,51.45000076293945,53.41999816894531,48.27000045776367,48.38999938964844,22345400
2021-10-19,53.90999984741211,54.0099983215332,48.7400016784668,51.599998474121094,23597600
2021-10-20,53.06999969482422,56.47999954223633,52.5,54.11000061035156,22137700
2021-10-21,50.90999984741211,53.9900016784668,49.400001525878906,52.66999816894531,15392100
2021-10-22,49.459999084472656,51.130001068115234,47.369998931884766,50.560001373291016,9819500
2021-10-25,54.689998626708984,55.290000915527344,51.0099983215332,51.099998474121094,14915800
2021-10-26,52.86000061035156,54.959999084472656,52.27000045776367,53.880001068115234,10082200
2021-10-27,50.040000915527344,51.29999923706055,48.900001525878906,50.81999969482422,8853300
2021-10-28,50.38999938964844,53.68000030517578,49.849998474121094,52.189998626708984,11053600
2021-10-29,52.2400016784668,52.75,49.79999923706055,50.83000183105469,9944600
2021-11-01,55.5099983215332,57.790000915527344,52.290000915527344,52.34000015258789,15363300
2021-11-02,63.34000015258789,63.34000015258789,58.20000076293945,58.5,18599300
2021-11-03,64.66000366210938,64.94000244140625,58.79999923706055,61.599998474121094,14060200
2021-11-04,64.29000091552734,65.69000244140625,61.66999816894531,63.880001068115234,10292100
2021-11-05,63.81999969482422,65.7699966430664,61.970001220703125,65.0199966430664,7396900
2021-11-08,75.30000305175781,77.33000183105469,70.01000213623047,70.01000213623047,16719500
2021-11-09,76.08999633789062,83.44999694824219,72.01000213623047,81.51000213623047,16497800
2021-11-10,64.83999633789062,79.19000244140625,64.12000274658203,79.19000244140625,19254300
2021-11-11,70.69000244140625,72.9000015258789,66.0999984741211,66.81999969482422,10760600
2021-11-12,75.91999816894531,76.83000183105469,67.5,70.0,13218900
2021-11-15,55.400001525878906,73.5,54.650001525878906,72.58999633789062,34932900
2021-11-16,55.369998931884766,57.68000030517578,50.77000045776367,51.33000183105469,27102900
2021-11-17,50.95000076293945,56.619998931884766,48.7599983215332,55.689998626708984,18385300
2021-11-18,51.459999084472656,52.029998779296875,47.40999984741211,50.900001525878906,13860500
2021-11-19,54.68000030517578,56.79999923706055,51.790000915527344,51.84000015258789,14141900
2021-11-22,49.56999969482422,56.0,48.38999938964844,55.13999938964844,13165700
2021-11-23,52.119998931884766,53.77000045776367,49.599998474121094,50.779998779296875,11340000
2021-11-24,52.38999938964844,52.650001525878906,48.900001525878906,49.9900016784668,8088600
2021-11-26,49.20000076293945,51.20000076293945,48.04999923706055,49.16999816894531,6711200
2021-11-29,51.38999938964844,52.29999923706055,48.119998931884766,52.150001525878906,11242800
2021-11-30,51.06999969482422,54.93000030517578,49.09000015258789,52.099998474121094,14540700
2021-12-01,50.790000915527344,57.70000076293945,49.810001373291016,52.61000061035156,18641100
2021-12-02,49.06999969482422,52.939998626708984,47.04999923706055,50.5,13241200
2021-12-03,41.63999938964844,49.650001525878906,40.209999084472656,48.88999938964844,16794900
2021-12-06,41.810001373291016,44.08000183105469,35.970001220703125,37.959999084472656,16394800
2021-12-07,45.70000076293945,47.11000061035156,43.77000045776367,44.290000915527344,11198800
2021-12-08,46.63999938964844,47.209999084472656,43.90999984741211,45.4900016784668,8408800
2021-12-09,41.369998931884766,46.0,41.11000061035156,45.70000076293945,11781500
2021-12-10,40.439998626708984,43.599998474121094,39.20000076293945,43.119998931884766,8529300
2021-12-13,36.84000015258789,39.630001068115234,36.459999084472656,39.61000061035156,11589800
2021-12-14,37.33000183105469,38.41999816894531,35.58000183105469,35.95000076293945,9912800
2021-12-15,38.72999954223633,39.959999084472656,34.29999923706055,37.02000045776367,15213100
2021-12-16,35.5099983215332,39.79999923706055,34.619998931884766,39.02000045776367,11334200
2021-12-17,33.849998474121094,35.95000076293945,32.380001068115234,33.900001525878906,11665000
2021-12-20,32.470001220703125,33.47999954223633,31.450000762939453,32.189998626708984,9289200
2021-12-21,34.43000030517578,34.79999923706055,32.79999923706055,34.2400016784668,9805900
2021-12-22,34.130001068115234,35.20000076293945,33.45000076293945,34.189998626708984,8122900
2021-12-23,38.130001068115234,38.72999954223633,33.04999923706055,34.04999923706055,15471700
2021-12-27,39.400001525878906,40.779998779296875,38.13999938964844,39.0,14334500
2021-12-28,35.13999938964844,37.349998474121094,34.5099983215332,37.189998626708984,12501100
2021-12-29,33.90999984741211,35.79999923706055,33.369998931884766,34.86000061035156,8734700
2021-12-30,34.38999938964844,36.0,33.70000076293945,33.97999954223633,10789500
2021-12-31,32.86000061035156,35.41999816894531,32.79999923706055,34.70000076293945,8982500
2022-01-03,32.88999938964844,34.189998626708984,32.349998474121094,33.68000030517578,6798800
2022-01-04,34.130001068115234,35.47999954223633,32.63999938964844,33.599998474121094,10570500
2022-01-05,29.6200008392334,33.900001525878906,29.209999084472656,33.29999923706055,15872200
2022-01-06,29.299999237060547,30.40999984741211,27.0,29.709999084472656,10608000
2022-01-07,28.489999771118164,29.40999984741211,27.200000762939453,28.479999542236328,9316400
2022-01-10,28.93000030517578,29.219999313354492,26.270000457763672,26.8799991607666,11521500
2022-01-11,29.579999923706055,30.3799991607666,28.059999465942383,28.610000610351562,11142700
2022-01-12,30.360000610351562,31.790000915527344,29.799999237060547,31.360000610351562,14678500
2022-01-13,28.100000381469727,31.389999389648438,27.860000610351562,30.940000534057617,12245300
2022-01-14,28.59000015258789,29.09000015258789,27.420000076293945,27.579999923706055,9692000
2022-01-18,26.06999969482422,28.09000015258789,25.950000762939453,27.579999923706055,9234500
2022-01-19,24.850000381469727,27.020000457763672,24.780000686645508,26.350000381469727,9449800
2022-01-20,24.829999923706055,27.34000015258789,24.739999771118164,25.3799991607666,12531600
2022-01-21,22.059999465942383,24.309999465942383,21.920000076293945,23.0,17539900
2022-01-24,22.899999618530273,23.020000457763672,19.43000030517578,19.81999969482422,22122500
2022-01-25,22.18000030517578,23.43000030517578,21.43000030517578,22.56999969482422,14056100
2022-01-26,21.459999084472656,24.219999313354492,20.950000762939453,24.0,17840600
2022-01-27,19.790000915527344,21.920000076293945,19.600000381469727,21.5,12599000
2022-01-28,21.969999313354492,22.0,19.43000030517578,20.56999969482422,13896100
2022-01-31,23.540000915527344,23.600000381469727,21.280000686645508,22.059999465942383,12131500
2022-02-01,25.030000686645508,25.219999313354492,23.190000534057617,24.09000015258789,13900700
2022-02-02,23.020000457763672,24.75,22.40999984741211,24.450000762939453,11073700
2022-02-03,21.209999084472656,22.649999618530273,21.010000228881836,21.979999542236328,8835300
2022-02-04,23.510000228881836,23.84000015258789,21.079999923706055,22.110000610351562,19894200
2022-02-07,25.579999923706055,26.540000915527344,24.969999313354492,25.0,22861600
2022-02-08,26.329999923706055,26.399999618530273,24.6200008392334,25.0,12740300
2022-02-09,28.989999771118164,29.040000915527344,26.350000381469727,26.799999237060547,14937600
2022-02-10,28.81999969482422,31.440000534057617,27.65999984741211,27.8799991607666,20081600
2022-02-11,26.93000030517578,29.739999771118164,26.459999084472656,28.780000686645508,15399100
2022-02-14,25.549999237060547,27.899999618530273,25.270000457763672,26.850000381469727,12765700
2022-02-15,28.6299991607666,28.93000030517578,27.440000534057617,27.549999237060547,15775800
2022-02-16,28.399999618530273,28.93000030517578,27.110000610351562,27.56999969482422,10612800
2022-02-17,25.719999313354492,27.8799991607666,25.5,27.139999389648438,10745900
2022-02-18,23.889999389648438,25.760000228881836,23.829999923706055,25.6200008392334,10793200
2022-02-22,22.530000686645508,24.100000381469727,22.010000228881836,22.899999618530273,12002300
2022-02-23,21.040000915527344,23.899999618530273,20.940000534057617,23.40999984741211,11574400
2022-02-24,22.959999084472656,23.020000457763672,19.510000228881836,19.559999465942383,16630200
2022-02-25,23.06999969482422,23.729999542236328,22.010000228881836,23.389999389648438,12124700
2022-02-28,25.350000381469727,25.979999542236328,23.1299991607666,23.200000762939453,20632400
2022-03-01,26.079999923706055,27.489999771118164,24.959999084472656,27.3700008392334,21748400
2022-03-02,26.8799991607666,27.100000381469727,25.329999923706055,25.549999237060547,13294100
2022-03-03,24.65999984741211,27.25,24.520000457763672,26.600000381469727,9503000
2022-03-04,22.81999969482422,25.18000030517578,22.459999084472656,24.729999542236328,10856100
2022-03-07,21.479999542236328,23.8799991607666,21.450000762939453,23.1200008392334,10943700
2022-03-08,22.350000381469727,23.489999771118164,21.280000686645508,21.75,10851600
2022-03-09,25.68000030517578,26.190000534057617,24.030000686645508,24.399999618530273,15228000
2022-03-10,24.75,24.850000381469727,23.290000915527344,24.010000228881836,9376100
2022-03-11,22.489999771118164,25.209999084472656,22.440000534057617,25.139999389648438,8914600
2022-03-14,21.40999984741211,22.43000030517578,20.950000762939453,22.299999237060547,8346700
2022-03-15,22.40999984741211,22.469999313354492,20.31999969482422,21.329999923706055,8796100
2022-03-16,24.229999542236328,24.270000457763672,22.190000534057617,23.309999465942383,11982600
2022-03-17,26.65999984741211,26.700000762939453,24.0,24.049999237060547,11090600
2022-03-18,27.920000076293945,28.030000686645508,26.040000915527344,26.100000381469727,10161500
2022-03-21,27.6299991607666,28.790000915527344,26.559999465942383,27.940000534057617,8684300
2022-03-22,29.440000534057617,30.959999084472656,28.799999237060547,28.93000030517578,13227200
2022-03-23,29.25,30.299999237060547,28.510000228881836,29.149999618530273,8156700
2022-03-24,30.329999923706055,30.469999313354492,28.31999969482422,30.040000915527344,11874000
2022-03-25,28.889999389648438,31.489999771118164,28.219999313354492,31.280000686645508,12140800
2022-03-28,31.270000457763672,32.7400016784668,30.100000381469727,31.059999465942383,19226400
2022-03-29,31.139999389648438,31.649999618530273,29.309999465942383,31.350000381469727,11228200
2022-03-30,29.559999465942383,31.3799991607666,29.280000686645508,30.489999771118164,8076200
2022-03-31,27.950000762939453,30.190000534057617,27.920000076293945,29.8700008392334,8306200
2022-04-01,28.540000915527344,29.059999465942383,27.3700008392334,27.860000610351562,9201800
2022-04-04,28.920000076293945,28.950000762939453,27.600000381469727,28.540000915527344,8319500
2022-04-05,26.260000228881836,29.489999771118164,26.020000457763672,29.350000381469727,11188600
2022-04-06,24.190000534057617,25.6200008392334,23.84000015258789,25.200000762939453,10107300
2022-04-07,23.770000457763672,24.610000610351562,22.81999969482422,24.049999237060547,9526000
2022-04-08,22.68000030517578,23.809999465942383,22.610000610351562,23.559999465942383,9102800
2022-04-11,21.920000076293945,22.8700008392334,21.399999618530273,22.049999237060547,6768500
2022-04-12,21.15999984741211,23.350000381469727,20.850000381469727,22.549999237060547,10968500
2022-04-13,22.299999237060547,22.579999923706055,20.940000534057617,21.020000457763672,8389000
2022-04-14,21.229999542236328,22.3700008392334,20.93000030517578,22.299999237060547,8928500
2022-04-18,20.899999618530273,21.260000228881836,19.790000915527344,20.90999984741211,9628200
2022-04-19,21.5,21.93000030517578,20.40999984741211,21.100000381469727,8523000
2022-04-20,20.719999313354492,22.09000015258789,20.25,21.700000762939453,8875000
2022-04-21,19.31999969482422,21.989999771118164,19.1200008392334,21.299999237060547,12743700
2022-04-22,18.149999618530273,19.770000457763672,18.09000015258789,19.079999923706055,9866700
2022-04-25,18.719999313354492,18.780000686645508,17.600000381469727,17.780000686645508,11327400
2022-04-26,17.100000381469727,18.56999969482422,17.020000457763672,18.5,8916400
2022-04-27,16.719999313354492,18.149999618530273,16.639999389648438,17.0,11128700
2022-04-28,16.860000610351562,17.260000228881836,15.59000015258789,16.8700008392334,13725900
2022-04-29,15.600000381469727,17.479999542236328,15.529999732971191,16.6299991607666,10525700
2022-05-02,16.65999984741211,16.920000076293945,15.050000190734863,15.5600004196167,13859700
2022-05-03,16.780000686645508,17.31999969482422,16.229999542236328,16.350000381469727,7599000
2022-05-04,17.760000228881836,17.829999923706055,15.609999656677246,16.8799991607666,11809900
2022-05-05,15.899999618530273,17.399999618530273,15.539999961853027,17.270000457763672,9300500
2022-05-06,14.949999809265137,15.8100004196167,14.449999809265137,15.470000267028809,8417600
2022-05-09,12.079999923706055,14.029999732971191,11.770000457763672,13.9399995803833,15825000
2022-05-10,11.800000190734863,13.1899995803833,11.539999961853027,12.859999656677246,12884500
2022-05-11,9.979999542236328,12.170000076293945,9.90999984741211,11.0,17834900
2022-05-12,10.149999618530273,10.600000381469727,8.800000190734863,9.489999771118164,20886700
2022-05-13,11.390000343322754,12.0,10.920000076293945,11.170000076293945,15326200
2022-05-16,10.319999694824219,11.199999809265137,10.130000114440918,11.180000305175781,11021300
2022-05-17,11.09000015258789,11.260000228881836,10.510000228881836,10.779999732971191,10896800
2022-05-18,10.15999984741211,10.989999771118164,9.930000305175781,10.609999656677246,9931700
2022-05-19,10.350000381469727,10.930000305175781,10.119999885559082,10.1899995803833,10241700
2022-05-20,9.770000457763672,10.699999809265137,9.210000038146973,10.649999618530273,12378000
2022-05-23,9.930000305175781,10.260000228881836,9.520000457763672,9.880000114440918,9389500
2022-05-24,9.0,9.800000190734863,8.739999771118164,9.609999656677246,11216500
2022-05-25,9.270000457763672,9.4399995803833,8.84000015258789,8.890000343322754,6868700
2022-05-26,9.850000381469727,9.960000038146973,8.529999732971191,8.8100004196167,15650000
2022-05-27,10.270000457763672,10.479999542236328,9.8100004196167,9.970000267028809,13974000
2022-05-31,10.229999542236328,11.170000076293945,10.020000457763672,11.039999961853027,19496600
2022-06-01,9.220000267028809,10.350000381469727,9.109999656677246,10.300000190734863,14993800
2022-06-02,9.34000015258789,9.600000381469727,9.100000381469727,9.140000343322754,11644100
2022-06-03,8.800000190734863,9.109999656677246,8.399999618530273,9.069999694824219,11020700
2022-06-06,8.930000305175781,9.260000228881836,8.699999809265137,9.229999542236328,10203500
2022-06-07,8.6899995803833,8.880000114440918,8.319999694824219,8.649999618530273,10773200
2022-06-08,8.529999732971191,9.140000343322754,8.390000343322754,8.640000343322754,11217000
2022-06-09,7.659999847412109,8.4399995803833,7.650000095367432,8.399999618530273,13904900
2022-06-10,7.539999961853027,7.690000057220459,7.25,7.349999904632568,10500400
2022-06-13,6.650000095367432,7.0,6.119999885559082,6.150000095367432,18789100
2022-06-14,6.940000057220459,7.070000171661377,6.409999847412109,6.539999961853027,10702200
2022-06-15,6.869999885559082,7.170000076293945,6.550000190734863,6.710000038146973,18151300
2022-06-16,6.570000171661377,6.820000171661377,6.269999980926514,6.730000019073486,12253800
2022-06-17,6.610000133514404,6.840000152587891,6.440000057220459,6.460000038146973,10248600
2022-06-21,7.21999979019165,7.789999961853027,6.889999866485596,6.940000057220459,16390900
2022-06-22,6.75,7.329999923706055,6.71999979019165,7.070000171661377,10511200
2022-06-23,7.050000190734863,7.099999904632568,6.510000228881836,6.769999980926514,13282100
2022-06-24,7.420000076293945,7.760000228881836,7.119999885559082,7.170000076293945,13665900
2022-06-27,6.849999904632568,7.5,6.809999942779541,7.480000019073486,9098200
2022-06-28,6.429999828338623,7.150000095367432,6.320000171661377,6.949999809265137,10430900
2022-06-29,5.800000190734863,6.269999980926514,5.650000095367432,6.25,12163900
2022-06-30,5.340000152587891,5.769999980926514,5.269999980926514,5.53000020980835,10706100
2022-07-01,5.539999961853027,5.699999809265137,5.28000020980835,5.409999847412109,11547900
2022-07-05,6.070000171661377,6.079999923706055,5.199999809265137,5.400000095367432,12317300
2022-07-06,5.650000095367432,6.070000171661377,5.610000133514404,5.940000057220459,11174600
2022-07-07,7.010000228881836,7.090000152587891,5.710000038146973,5.769999980926514,20439600
2022-07-08,8.510000228881836,8.899999618530273,6.599999904632568,6.650000095367432,49125100
2022-07-11,7.809999942779541,8.289999961853027,7.670000076293945,7.900000095367432,14270700
2022-07-12,7.670000076293945,7.989999771118164,7.360000133514404,7.75,10812500
2022-07-13,7.760000228881836,7.900000095367432,7.050000190734863,7.5,12906700
2022-07-14,8.0,8.100000381469727,7.260000228881836,7.590000152587891,15079800
2022-07-15,8.039999961853027,8.5600004196167,7.670000076293945,8.260000228881836,13282100
2022-07-18,9.760000228881836,10.970000267028809,8.699999809265137,8.829999923706055,43749500
2022-07-19,12.899999618530273,13.0,9.850000381469727,10.369999885559082,58076500
2022-07-20,12.470000267028809,14.199999809265137,11.859999656677246,13.550000190734863,70804300
2022-07-21,13.489999771118164,13.510000228881836,11.670000076293945,11.760000228881836,31470900
2022-07-22,12.420000076293945,13.920000076293945,12.0600004196167,13.890000343322754,29213400
2022-07-25,11.569999694824219,12.479999542236328,11.510000228881836,11.699999809265137,16546800
2022-07-26,10.109999656677246,11.289999961853027,10.079999923706055,11.1899995803833,13455500
2022-07-27,12.319999694824219,12.649999618530273,10.579999923706055,10.869999885559082,31321000
2022-07-28,13.199999809265137,13.720000267028809,11.84000015258789,12.319999694824219,36781000
2022-07-29,12.989999771118164,14.170000076293945,12.579999923706055,12.819999694824219,31918900
2022-08-01,12.270000457763672,13.1899995803833,11.829999923706055,12.5,20688000
2022-08-02,12.960000038146973,13.640000343322754,11.8100004196167,11.899999618530273,23868600
2022-08-03,13.279999732971191,13.770000457763672,12.930000305175781,13.170000076293945,24463900
2022-08-04,13.420000076293945,15.029999732971191,13.300000190734863,13.5,27091800
2022-08-05,14.170000076293945,14.390000343322754,13.130000114440918,13.229999542236328,17207100
2022-08-08,14.430000305175781,15.779999732971191,14.25,15.279999732971191,19936600
2022-08-09,14.109999656677246,14.949999809265137,13.34000015258789,14.010000228881836,16261100
2022-08-10,16.360000610351562,16.989999771118164,14.65999984741211,15.359999656677246,32584700
2022-08-11,17.190000534057617,18.8799991607666,16.809999465942383,17.719999313354492,29953900
2022-08-12,18.239999771118164,18.299999237060547,16.389999389648438,17.25,17649100
2022-08-15,17.649999618530273,18.469999313354492,17.3799991607666,17.979999542236328,14104800
2022-08-16,16.8799991607666,17.809999465942383,16.270000457763672,17.549999237060547,17057400
2022-08-17,15.449999809265137,16.670000076293945,15.300000190734863,16.299999237060547,17188500
2022-08-18,15.59000015258789,15.819999694824219,15.050000190734863,15.75,10602400
2022-08-19,13.180000305175781,14.359999656677246,13.050000190734863,13.880000114440918,16042600
2022-08-22,12.930000305175781,13.470000267028809,12.529999732971191,12.619999885559082,11300100
2022-08-23,13.710000038146973,14.380000114440918,13.029999732971191,13.1899995803833,15897400
2022-08-24,13.779999732971191,14.350000381469727,13.40999984741211,13.579999923706055,12283100
2022-08-25,12.880000114440918,14.239999771118164,12.59000015258789,13.829999923706055,17280700
2022-08-26,11.350000381469727,13.279999732971191,11.25,13.210000038146973,20712100
2022-08-29,11.8100004196167,12.380000114440918,11.09000015258789,11.130000114440918,14423400
2022-08-30,11.529999732971191,12.170000076293945,11.020000457763672,11.989999771118164,12817200
2022-08-31,11.850000381469727,12.239999771118164,11.420000076293945,11.680000305175781,11566000
2022-09-01,11.510000228881836,11.6899995803833,10.720000267028809,11.479999542236328,10899800
2022-09-02,11.380000114440918,11.899999618530273,10.989999771118164,11.8100004196167,13466200
2022-09-06,11.119999885559082,12.100000381469727,10.729999542236328,11.399999618530273,18766000
2022-09-07,11.680000305175781,11.699999809265137,10.819999694824219,10.949999809265137,12185500
2022-09-08,13.260000228881836,13.279999732971191,11.300000190734863,11.4399995803833,19147800
2022-09-09,14.15999984741211,14.550000190734863,13.670000076293945,14.079999923706055,22814400
2022-09-12,14.430000305175781,15.149999618530273,13.880000114440918,14.670000076293945,19467800
2022-09-13,12.819999694824219,13.649999618530273,12.800000190734863,13.050000190734863,14978700
2022-09-14,12.600000381469727,13.050000190734863,12.40999984741211,12.880000114440918,9742100
2022-09-15,12.069999694824219,13.170000076293945,12.050000190734863,12.399999618530273,13775000
2022-09-16,10.920000076293945,11.720000267028809,10.90999984741211,11.699999809265137,14387900
2022-09-19,10.869999885559082,11.050000190734863,10.390000343322754,10.4399995803833,13102600
2022-09-20,10.260000228881836,10.850000381469727,10.229999542236328,10.59000015258789,10026000
2022-09-21,10.850000381469727,11.569999694824219,10.220000267028809,10.399999618530273,21457100
2022-09-22,10.520000457763672,10.960000038146973,10.079999923706055,10.630000114440918,10893900
2022-09-23,9.470000267028809,10.140000343322754,9.359999656677246,9.989999771118164,16445100
2022-09-26,9.609999656677246,10.220000267028809,9.520000457763672,9.619999885559082,13707100
2022-09-27,9.869999885559082,10.640000343322754,9.600000381469727,10.369999885559082,19299400
2022-09-28,10.949999809265137,11.020000457763672,9.770000457763672,9.8100004196167,19269000
2022-09-29,10.770000457763672,10.800000190734863,10.050000190734863,10.510000228881836,12878300
2022-09-30,10.710000038146973,11.829999923706055,10.470000267028809,10.770000457763672,20135100
2022-10-03,11.079999923706055,11.329999923706055,10.390000343322754,10.949999809265137,16559000
2022-10-04,12.880000114440918,12.989999771118164,11.779999732971191,11.789999961853027,22364700
2022-10-05,12.84000015258789,12.920000076293945,11.960000038146973,12.289999961853027,16236100
2022-10-06,13.100000381469727,13.789999961853027,12.789999961853027,12.869999885559082,16076200
2022-10-07,11.210000038146973,12.800000190734863,11.010000228881836,12.5,14869400
2022-10-10,10.760000228881836,11.3100004196167,10.329999923706055,11.050000190734863,9728000
2022-10-11,10.460000038146973,10.949999809265137,10.039999961853027,10.739999771118164,12125900
2022-10-12,10.420000076293945,10.619999885559082,9.90999984741211,10.329999923706055,10334500
2022-10-13,11.220000267028809,11.289999961853027,9.460000038146973,9.59000015258789,19672200
2022-10-14,10.300000190734863,11.75,10.260000228881836,11.479999542236328,15612000
2022-10-17,11.6899995803833,11.9399995803833,10.84000015258789,10.850000381469727,19014800
2022-10-18,11.380000114440918,12.520000457763672,11.109999656677246,12.34000015258789,16526600
2022-10-19,11.069999694824219,11.65999984741211,10.84000015258789,11.25,13156300
2022-10-20,10.920000076293945,11.65999984741211,10.600000381469727,10.699999809265137,11439800
2022-10-21,11.699999809265137,11.739999771118164,10.5600004196167,10.789999961853027,14830700
2022-10-24,12.899999618530273,12.989999771118164,11.449999809265137,11.720000267028809,17318000
2022-10-25,14.760000228881836,14.9399995803833,12.779999732971191,12.949999809265137,24644600
2022-10-26,13.789999961853027,15.619999885559082,13.75,14.489999771118164,28316200
2022-10-27,13.649999618530273,14.550000190734863,13.5,14.220000267028809,17465400
2022-10-28,13.850000381469727,14.239999771118164,13.109999656677246,13.770000457763672,17732600
2022-10-31,13.109999656677246,14.119999885559082,13.020000457763672,13.869999885559082,14695100
2022-11-01,12.220000267028809,13.579999923706055,12.1899995803833,13.449999809265137,14802500
2022-11-02,10.920000076293945,12.279999732971191,10.850000381469727,12.149999618530273,22105700
2022-11-03,10.510000228881836,11.529999732971191,10.5,10.899999618530273,16103400
2022-11-04,10.84000015258789,11.449999809265137,10.300000190734863,11.279999732971191,25150800
2022-11-07,10.5,10.970000267028809,10.050000190734863,10.930000305175781,14330300
2022-11-08,9.960000038146973,10.649999618530273,9.199999809265137,9.979999542236328,32449600
2022-11-09,9.609999656677246,10.630000114440918,9.300000190734863,9.390000343322754,25489200
2022-11-10,9.979999542236328,10.229999542236328,9.420000076293945,10.029999732971191,28321000
2022-11-11,9.770000457763672,9.949999809265137,8.890000343322754,9.449999809265137,21901900
2022-11-14,9.520000457763672,10.029999732971191,9.510000228881836,9.579999923706055,12472600
2022-11-15,9.5,10.140000343322754,9.40999984741211,9.920000076293945,14864500
2022-11-16,8.3100004196167,9.5,8.199999809265137,9.350000381469727,18481400
2022-11-17,8.029999732971191,8.300000190734863,7.909999847412109,8.270000457763672,16515600
2022-11-18,7.46999979019165,8.399999618530273,7.449999809265137,8.380000114440918,23126700
2022-11-21,6.190000057220459,7.289999961853027,6.159999847412109,7.099999904632568,25771800
2022-11-22,6.420000076293945,6.550000190734863,6.110000133514404,6.46999979019165,23179200
2022-11-23,6.480000019073486,6.75,6.309999942779541,6.460000038146973,18227800
2022-11-25,6.21999979019165,6.409999847412109,6.130000114440918,6.349999904632568,7127000
2022-11-28,5.980000019073486,6.179999828338623,5.829999923706055,6.019999980926514,14251400
2022-11-29,5.889999866485596,6.110000133514404,5.75,5.900000095367432,12013000
2022-11-30,6.320000171661377,6.349999904632568,5.78000020980835,6.050000190734863,23052500
2022-12-01,6.210000038146973,6.639999866485596,6.119999885559082,6.349999904632568,16155000
2022-12-02,6.909999847412109,6.940000057220459,6.059999942779541,6.230000019073486,21987600
2022-12-05,6.139999866485596,7.150000095367432,6.010000228881836,6.989999771118164,24158600
2022-12-06,5.789999961853027,6.159999847412109,5.570000171661377,6.119999885559082,15676100
2022-12-07,5.369999885559082,5.710000038146973,5.210000038146973,5.690000057220459,16775100
2022-12-08,5.389999866485596,5.519999980926514,5.21999979019165,5.409999847412109,16147900
2022-12-09,5.0,5.400000095367432,4.989999771118164,5.369999885559082,21330300
2022-12-12,5.070000171661377,5.130000114440918,4.789999961853027,4.920000076293945,14076600
2022-12-13,4.659999847412109,5.619999885559082,4.650000095367432,5.550000190734863,32685400
2022-12-14,4.71999979019165,4.840000152587891,4.570000171661377,4.739999771118164,24054100
2022-12-15,4.340000152587891,4.630000114440918,4.309999942779541,4.599999904632568,16927400
2022-12-16,3.880000114440918,4.239999771118164,3.75,4.130000114440918,21250200
2022-12-19,3.869999885559082,3.950000047683716,3.690000057220459,3.880000114440918,11155200
2022-12-20,3.9100000858306885,4.070000171661377,3.7300000190734863,3.869999885559082,12919700
2022-12-21,3.6500000953674316,3.9600000381469727,3.640000104904175,3.9000000953674316,14757200
2022-12-22,3.6700000762939453,3.690000057220459,3.4800000190734863,3.549999952316284,14615700
2022-12-23,3.619999885559082,3.8299999237060547,3.549999952316284,3.690000057220459,8600300
2022-12-27,3.240000009536743,3.5899999141693115,3.2200000286102295,3.559999942779541,12099400
2022-12-28,3.1500000953674316,3.359999895095825,3.109999895095825,3.200000047683716,9560500
2022-12-29,3.4100000858306885,3.440000057220459,3.130000114440918,3.180000066757202,11226200
2022-12-30,3.4200000762939453,3.4700000286102295,3.25,3.2899999618530273,9615000
2023-01-03,3.4000000953674316,3.7699999809265137,3.2799999713897705,3.5799999237060547,13014400
2023-01-04,4.21999979019165,4.329999923706055,3.4800000190734863,3.5,32367400
2023-01-05,3.9100000858306885,4.300000190734863,3.890000104904175,4.110000133514404,24923800
2023-01-06,4.090000152587891,4.21999979019165,3.7100000381469727,3.940000057220459,19314200
2023-01-09,4.900000095367432,5.300000190734863,4.199999809265137,4.260000228881836,44884600
2023-01-10,5.75,5.820000171661377,4.760000228881836,4.909999847412109,42394300
2023-01-11,5.369999885559082,6.150000095367432,5.199999809265137,5.699999809265137,43071900
2023-01-12,7.03000020980835,7.090000152587891,5.389999866485596,5.960000038146973,67400000
2023-01-13,7.679999828338623,8.119999885559082,6.559999942779541,6.650000095367432,78829700
2023-01-17,8.369999885559082,8.859999656677246,7.900000095367432,8.399999618530273,59317600
2023-01-18,6.909999847412109,8.529999732971191,6.820000171661377,8.510000228881836,58413500
2023-01-19,7.340000152587891,7.449999809265137,6.519999980926514,6.71999979019165,35227300
2023-01-20,8.069999694824219,8.09000015258789,7.03000020980835,7.519999980926514,48773100
2023-01-23,9.0,9.119999885559082,7.809999942779541,8.050000190734863,47089200
2023-01-24,8.800000190734863,9.569999694824219,8.579999923706055,8.739999771118164,39398800
2023-01-25,8.75,8.9399995803833,7.900000095367432,8.3100004196167,34985400
2023-01-26,8.75,9.359999656677246,8.5,9.170000076293945,30466600
2023-01-27,8.020000457763672,8.859999656677246,7.980000019073486,8.550000190734863,48107300
2023-01-30,7.170000076293945,8.170000076293945,7.090000152587891,7.789999961853027,36748000
2023-01-31,7.210000038146973,7.5,7.099999904632568,7.409999847412109,24173200
2023-02-01,7.519999980926514,7.869999885559082,6.829999923706055,7.170000076293945,43280700
2023-02-02,8.0,8.5600004196167,7.739999771118164,8.0,60716900
2023-02-03,7.070000171661377,7.920000076293945,6.980000019073486,7.510000228881836,34183100
2023-02-06,7.079999923706055,7.269999980926514,6.650000095367432,6.920000076293945,23094600
2023-02-07,7.099999904632568,7.239999771118164,6.510000228881836,7.079999923706055,32060600
2023-02-08,6.809999942779541,7.400000095367432,6.71999979019165,6.909999847412109,23079400
2023-02-09,5.949999809265137,6.900000095367432,5.829999923706055,6.889999866485596,27776800
2023-02-10,5.920000076293945,5.940000057220459,5.510000228881836,5.840000152587891,20107400
2023-02-13,5.849999904632568,6.03000020980835,5.579999923706055,5.760000228881836,14942300
2023-02-14,6.71999979019165,6.829999923706055,5.690000057220459,5.820000171661377,36350700
2023-02-15,7.949999809265137,8.020000457763672,6.860000133514404,7.019999980926514,50585400
2023-02-16,7.210000038146973,8.65999984741211,7.150000095367432,7.679999828338623,66418700
2023-02-17,7.699999809265137,7.869999885559082,7.050000190734863,7.449999809265137,44076900
2023-02-21,7.130000114440918,7.75,7.03000020980835,7.380000114440918,29693300
2023-02-22,7.190000057220459,7.429999828338623,6.840000152587891,7.019999980926514,28798700
2023-02-23,7.28000020980835,7.420000076293945,7.010000228881836,7.269999980926514,18858900
2023-02-24,6.670000076293945,7.170000076293945,6.510000228881836,6.980000019073486,25465500
2023-02-27,7.110000133514404,7.139999866485596,6.800000190734863,6.96999979019165,25241200
2023-02-28,7.099999904632568,7.789999961853027,7.03000020980835,7.050000190734863,38171800
2023-03-01,6.510000228881836,7.25,6.380000114440918,7.179999828338623,26686600
2023-03-02,6.260000228881836,6.420000076293945,5.980000019073486,6.25,22430900
2023-03-03,6.380000114440918,6.619999885559082,5.940000057220459,6.019999980926514,20930000
2023-03-06,6.320000171661377,6.849999904632568,6.179999828338623,6.400000095367432,19853800
2023-03-07,6.090000152587891,6.420000076293945,6.039999961853027,6.289999961853027,17933100
2023-03-08,6.179999828338623,6.21999979019165,5.880000114440918,6.010000228881836,14775300
2023-03-09,5.510000228881836,6.230000019073486,5.5,6.03000020980835,19083200
2023-03-10,5.329999923706055,5.659999847412109,5.130000114440918,5.480000019073486,20766700
2023-03-13,6.699999809265137,6.960000038146973,5.349999904632568,5.699999809265137,66973000
2023-03-14,7.130000114440918,7.829999923706055,6.739999771118164,7.449999809265137,64006900
2023-03-15,7.090000152587891,7.480000019073486,6.610000133514404,7.130000114440918,38441500
2023-03-16,7.630000114440918,7.739999771118164,7.0,7.059999942779541,35334500
2023-03-17,8.170000076293945,8.510000228881836,7.659999847412109,8.399999618530273,61120200
2023-03-20,7.849999904632568,8.5,7.610000133514404,8.479999542236328,39108100
2023-03-21,8.869999885559082,8.920000076293945,7.730000019073486,7.880000114440918,46252300
2023-03-22,7.78000020980835,9.119999885559082,7.75,8.880000114440918,48722800
2023-03-23,8.460000038146973,8.930000305175781,7.900000095367432,8.029999732971191,45826800
2023-03-24,7.809999942779541,8.300000190734863,7.570000171661377,8.229999542236328,28289400
2023-03-27,7.110000133514404,8.039999961853027,7.099999904632568,8.039999961853027,23372100
2023-03-28,7.199999809265137,7.210000038146973,6.869999885559082,7.010000228881836,18648200
2023-03-29,7.949999809265137,8.140000343322754,7.489999771118164,7.570000171661377,36010000
2023-03-30,7.829999923706055,8.149999618530273,7.599999904632568,8.100000381469727,25958500
2023-03-31,8.720000267028809,8.739999771118164,7.829999923706055,7.920000076293945,36159700
2023-04-03,8.430000305175781,8.899999618530273,8.119999885559082,8.539999961853027,25824800
2023-04-04,8.510000228881836,8.649999618530273,8.010000228881836,8.600000381469727,23882300
2023-04-05,7.929999828338623,8.630000114440918,7.650000095367432,8.619999885559082,27754500
2023-04-06,7.980000019073486,8.289999961853027,7.650000095367432,7.820000171661377,15392500
2023-04-10,9.100000381469727,9.140000343322754,7.659999847412109,7.96999979019165,42370900
2023-04-11,10.229999542236328,10.640000343322754,9.270000457763672,9.460000038146973,63439500
2023-04-12,9.949999809265137,10.579999923706055,9.6899995803833,10.050000190734863,43348600
2023-04-13,11.520000457763672,11.6899995803833,10.369999885559082,10.420000076293945,57539100
2023-04-14,11.970000267028809,12.279999732971191,10.979999542236328,12.270000457763672,54369900
2023-04-17,11.449999809265137,11.649999618530273,10.930000305175781,11.050000190734863,29146900
2023-04-18,11.680000305175781,12.829999923706055,11.449999809265137,12.020000457763672,41896300
2023-04-19,10.65999984741211,11.329999923706055,10.649999618530273,10.920000076293945,28329900
2023-04-20,9.520000457763672,10.649999618530273,9.449999809265137,10.399999618530273,27389800
2023-04-21,8.930000305175781,9.949999809265137,8.869999885559082,9.869999885559082,28395200
2023-04-24,8.890000343322754,9.350000381469727,8.6899995803833,9.020000457763672,26335000
2023-04-25,8.989999771118164,9.4399995803833,8.5600004196167,8.770000457763672,35069100
2023-04-26,9.460000038146973,10.649999618530273,9.399999618530273,10.100000381469727,65526200
2023-04-27,10.0600004196167,10.079999923706055,9.270000457763672,9.869999885559082,46101800
2023-04-28,10.069999694824219,10.329999923706055,9.510000228881836,9.850000381469727,28853100
2023-05-01,8.779999732971191,9.930000305175781,8.640000343322754,9.760000228881836,28506300
2023-05-02,9.550000190734863,9.720000267028809,8.649999618530273,8.869999885559082,32177300
2023-05-03,9.550000190734863,9.970000267028809,9.09000015258789,9.170000076293945,26882400
2023-05-04,10.270000457763672,10.539999961853027,9.59000015258789,9.739999771118164,35765100
2023-05-05,10.489999771118164,10.649999618530273,10.0,10.380000114440918,37753400
2023-05-08,9.329999923706055,10.0,9.25,9.979999542236328,30157200
2023-05-09,9.380000114440918,9.800000190734863,9.3100004196167,9.470000267028809,23038000
2023-05-10,10.220000267028809,10.720000267028809,9.65999984741211,9.789999961853027,51276900
2023-05-11,8.729999542236328,9.930000305175781,8.649999618530273,9.84000015258789,39314900
2023-05-12,8.920000076293945,8.930000305175781,8.520000457763672,8.710000038146973,23041800
2023-05-15,9.539999961853027,9.609999656677246,8.899999618530273,9.1899995803833,26855000
2023-05-16,9.25,9.539999961853027,9.0,9.199999809265137,18095000
2023-05-17,10.09000015258789,10.199999809265137,9.039999961853027,9.069999694824219,30436800
2023-05-18,9.380000114440918,10.40999984741211,9.029999732971191,9.920000076293945,37908600
2023-05-19,9.180000305175781,9.729999542236328,9.170000076293945,9.520000457763672,19235400
2023-05-22,9.670000076293945,9.720000267028809,8.949999809265137,9.170000076293945,25877200
2023-05-23,9.319999694824219,10.359999656677246,9.260000228881836,9.75,30437700
2023-05-24,9.430000305175781,9.609999656677246,8.859999656677246,9.149999618530273,28986400
2023-05-25,9.109999656677246,9.569999694824219,8.779999732971191,9.489999771118164,28309500
2023-05-26,8.930000305175781,9.6899995803833,8.850000381469727,9.15999984741211,31666500
2023-05-30,9.420000076293945,10.199999809265137,9.140000343322754,9.4399995803833,42716700
2023-05-31,9.789999961853027,9.84000015258789,9.010000228881836,9.180000305175781,28923900
2023-06-01,9.989999771118164,10.380000114440918,9.529999732971191,9.65999984741211,30340000
2023-06-02,10.029999732971191,10.390000343322754,9.569999694824219,10.319999694824219,32655300
2023-06-05,9.1899995803833,9.979999542236328,9.0600004196167,9.729999542236328,35660400
2023-06-06,10.079999923706055,10.130000114440918,8.470000267028809,8.949999809265137,53229200
2023-06-07,9.550000190734863,10.579999923706055,9.430000305175781,10.0,39054100
2023-06-08,9.569999694824219,9.890000343322754,9.529999732971191,9.609999656677246,19797200
2023-06-09,9.380000114440918,9.819999694824219,9.199999809265137,9.779999732971191,20588600
2023-06-12,9.329999923706055,9.489999771118164,9.170000076293945,9.270000457763672,14514900
2023-06-13,9.680000305175781,9.949999809265137,9.289999961853027,9.5,25412200
2023-06-14,9.6899995803833,10.029999732971191,9.510000228881836,9.729999542236328,30560400
2023-06-15,9.359999656677246,9.539999961853027,9.109999656677246,9.329999923706055,30601500
2023-06-16,9.979999542236328,10.0600004196167,9.15999984741211,9.479999542236328,50994800
2023-06-20,11.720000267028809,11.729999542236328,9.8100004196167,10.210000038146973,81874000
2023-06-21,12.210000038146973,12.899999618530273,12.010000228881836,12.25,88558500
2023-06-22,11.829999923706055,12.680000305175781,11.140000343322754,12.25,55820500
2023-06-23,12.710000038146973,13.100000381469727,11.5,11.779999732971191,87494200
2023-06-26,11.789999961853027,13.050000190734863,11.420000076293945,12.550000190734863,51715200
2023-06-27,13.380000114440918,13.5,12.050000190734863,12.180000305175781,64774800
2023-06-28,13.15999984741211,13.699999809265137,12.579999923706055,13.020000457763672,52768500
2023-06-29,13.819999694824219,14.3100004196167,13.180000305175781,13.630000114440918,50628000
2023-06-30,13.859999656677246,14.619999885559082,13.149999618530273,14.4399995803833,63953200
2023-07-03,15.319999694824219,15.640000343322754,13.949999809265137,14.050000190734863,43137000
2023-07-05,15.5600004196167,15.84000015258789,14.569999694824219,14.680000305175781,47454800
2023-07-06,15.319999694824219,15.970000267028809,14.510000228881836,15.75,47358800
2023-07-07,15.670000076293945,16.739999771118164,15.239999771118164,15.279999732971191,60526200
2023-07-10,16.920000076293945,16.979999542236328,15.239999771118164,15.800000190734863,51905200
2023-07-11,17.389999389648438,17.579999923706055,16.559999465942383,16.770000457763672,47291800
2023-07-12,16.860000610351562,18.260000228881836,16.780000686645508,17.940000534057617,54020300
2023-07-13,19.299999237060547,19.479999542236328,17.030000686645508,17.190000534057617,71665800
2023-07-14,18.06999969482422,19.8799991607666,17.8700008392334,19.1299991607666,53399300
2023-07-17,17.260000228881836,18.690000534057617,16.950000762939453,18.18000030517578,42105700
2023-07-18,16.809999465942383,17.790000915527344,16.549999237060547,17.010000228881836,33502000
2023-07-19,17.59000015258789,18.030000686645508,17.1299991607666,17.149999618530273,37645700
2023-07-20,17.059999465942383,18.100000381469727,16.81999969482422,17.8700008392334,31582400
2023-07-21,16.8799991607666,17.399999618530273,16.239999771118164,17.299999237060547,26577300
2023-07-24,16.420000076293945,16.6200008392334,15.760000228881836,16.149999618530273,26345500
2023-07-25,16.18000030517578,17.34000015258789,16.15999984741211,16.600000381469727,26409900
2023-07-26,16.81999969482422,17.040000915527344,16.209999084472656,16.459999084472656,24164600
2023-07-27,15.970000267028809,17.329999923706055,15.880000114440918,17.309999465942383,23067400
2023-07-28,16.700000762939453,16.790000915527344,16.1200008392334,16.299999237060547,21420600
2023-07-31,17.3700008392334,17.790000915527344,16.579999923706055,17.0,27394300
2023-08-01,16.829999923706055,16.920000076293945,15.859999656677246,16.860000610351562,31288400
2023-08-02,16.479999542236328,17.399999618530273,16.290000915527344,16.719999313354492,26715600
2023-08-03,16.559999465942383,17.200000762939453,16.15999984741211,16.270000457763672,25002400
2023-08-04,15.829999923706055,16.84000015258789,15.8100004196167,16.739999771118164,21965100
2023-08-07,15.069999694824219,15.859999656677246,14.149999618530273,15.850000381469727,29981200
2023-08-08,15.720000267028809,15.960000038146973,14.859999656677246,15.550000190734863,27403300
2023-08-09,15.510000228881836,16.420000076293945,15.430000305175781,15.850000381469727,26381900
2023-08-10,14.550000190734863,16.030000686645508,14.40999984741211,15.65999984741211,25847100
2023-08-11,14.880000114440918,15.270000457763672,14.220000267028809,14.40999984741211,21862700
2023-08-14,14.989999771118164,15.220000267028809,14.109999656677246,14.649999618530273,20920200
2023-08-15,13.930000305175781,15.100000381469727,13.899999618530273,14.739999771118164,24409000
2023-08-16,13.5,13.880000114440918,13.1899995803833,13.670000076293945,23097200
2023-08-17,12.25,13.220000267028809,12.199999809265137,13.0600004196167,35069700
2023-08-18,11.279999732971191,11.979999542236328,11.149999618530273,11.470000267028809,33316200
2023-08-21,11.050000190734863,11.579999923706055,10.84000015258789,11.369999885559082,22828400
2023-08-22,10.949999809265137,11.34000015258789,10.880000114440918,11.210000038146973,19704200
2023-08-23,11.75,11.880000114440918,10.869999885559082,10.920000076293945,24746800
2023-08-24,10.550000190734863,11.800000190734863,10.369999885559082,11.789999961853027,25292500
2023-08-25,10.550000190734863,10.9399995803833,10.260000228881836,10.680000305175781,19391200
2023-08-28,10.619999885559082,10.9399995803833,10.520000457763672,10.619999885559082,13672800
2023-08-29,13.680000305175781,13.869999885559082,10.539999961853027,10.600000381469727,74154500
2023-08-30,13.470000267028809,13.539999961853027,12.470000267028809,13.369999885559082,38207000
2023-08-31,12.569999694824219,13.920000076293945,12.449999809265137,13.5600004196167,33448800
2023-09-01,12.0,12.739999771118164,11.739999771118164,12.529999732971191,25287900
2023-09-05,12.0,12.199999809265137,11.640000343322754,11.850000381469727,14834100
2023-09-06,12.0600004196167,12.59000015258789,11.829999923706055,11.869999885559082,23218900
2023-09-07,12.359999656677246,12.449999809265137,11.319999694824219,11.899999618530273,20436200
2023-09-08,10.90999984741211,11.899999618530273,10.430000305175781,11.850000381469727,43533200
2023-09-11,10.069999694824219,10.640000343322754,9.960000038146973,10.550000190734863,30366000
2023-09-12,10.15999984741211,10.899999618530273,10.0600004196167,10.510000228881836,36784700
2023-09-13,9.890000343322754,10.180000305175781,9.699999809265137,10.100000381469727,29524400
2023-09-14,10.0,10.460000038146973,9.899999618530273,10.149999618530273,35131000
2023-09-15,9.800000190734863,9.949999809265137,9.529999732971191,9.949999809265137,26199700
2023-09-18,9.789999961853027,10.350000381469727,9.470000267028809,10.319999694824219,37718900
2023-09-19,9.5600004196167,9.979999542236328,9.3100004196167,9.710000038146973,23670200
2023-09-20,9.289999961853027,9.84000015258789,9.279999732971191,9.569999694824219,17914000
2023-09-21,9.15999984741211,9.300000190734863,8.770000457763672,8.850000381469727,16611200
2023-09-22,8.670000076293945,9.279999732971191,8.649999618530273,9.170000076293945,17195700
2023-09-25,8.5600004196167,8.890000343322754,8.420000076293945,8.479999542236328,19232000
2023-09-26,8.25,8.680000305175781,8.220000267028809,8.460000038146973,16815800
2023-09-27,8.010000228881836,8.550000190734863,7.909999847412109,8.390000343322754,22627000
2023-09-28,8.569999694824219,8.890000343322754,7.929999828338623,8.0600004196167,24186700
2023-09-29,8.5,8.880000114440918,8.390000343322754,8.710000038146973,20212700
2023-10-02,8.529999732971191,9.6899995803833,8.510000228881836,9.199999809265137,42145500
2023-10-03,7.300000190734863,8.40999984741211,7.21999979019165,8.300000190734863,33702900
2023-10-04,7.539999961853027,7.579999923706055,7.179999828338623,7.46999979019165,25114400
2023-10-05,7.420000076293945,7.880000114440918,7.329999923706055,7.599999904632568,25669000
2023-10-06,8.079999923706055,8.180000305175781,7.159999847412109,7.199999809265137,30916900
2023-10-09,8.359999656677246,8.380000114440918,7.599999904632568,7.610000133514404,27156300
2023-10-10,8.460000038146973,8.850000381469727,8.229999542236328,8.260000228881836,25100600
2023-10-11,7.900000095367432,8.300000190734863,7.730000019073486,8.180000305175781,28534800
2023-10-12,7.78000020980835,8.130000114440918,7.670000076293945,7.849999904632568,17753900
2023-10-13,7.710000038146973,8.069999694824219,7.550000190734863,8.039999961853027,18261800
2023-10-16,8.100000381469727,8.9399995803833,7.869999885559082,8.539999961853027,52441600
2023-10-17,8.449999809265137,8.739999771118164,7.909999847412109,7.980000019073486,30035000
2023-10-18,7.739999771118164,8.649999618530273,7.650000095367432,8.380000114440918,28487000
2023-10-19,7.710000038146973,8.079999923706055,7.630000114440918,8.0,31017200
2023-10-20,7.760000228881836,8.380000114440918,7.690000057220459,7.949999809265137,36236400
2023-10-23,8.75,9.020000457763672,7.739999771118164,8.0600004196167,63932600
2023-10-24,9.760000228881836,10.720000267028809,9.350000381469727,9.890000343322754,95449800
2023-10-25,9.470000267028809,10.079999923706055,9.279999732971191,9.699999809265137,53992900
2023-10-26,8.989999771118164,9.520000457763672,8.779999732971191,9.199999809265137,32254600
2023-10-27,8.859999656677246,9.399999618530273,8.819999694824219,9.199999809265137,27482800
2023-10-30,8.850000381469727,9.569999694824219,8.609999656677246,9.199999809265137,31761800
2023-10-31,8.8100004196167,8.979999542236328,8.420000076293945,8.710000038146973,22365600
2023-11-01,8.920000076293945,9.050000190734863,8.510000228881836,9.0,31215300
2023-11-02,9.859999656677246,9.869999885559082,9.09000015258789,9.350000381469727,41686700
2023-11-03,9.40999984741211,9.960000038146973,9.289999961853027,9.619999885559082,43816500
2023-11-06,9.239999771118164,10.0600004196167,9.020000457763672,9.649999618530273,30637700
2023-11-07,9.180000305175781,9.25,8.65999984741211,9.149999618530273,32002200
2023-11-08,8.550000190734863,9.050000190734863,8.390000343322754,9.029999732971191,32485800
2023-11-09,9.229999542236328,10.479999542236328,9.15999984741211,9.670000076293945,90786600
2023-11-10,9.609999656677246,9.65999984741211,8.880000114440918,9.40999984741211,42279700
2023-11-13,9.180000305175781,9.460000038146973,8.84000015258789,9.420000076293945,31332300
2023-11-14,9.170000076293945,9.600000381469727,8.880000114440918,9.380000114440918,37575400
2023-11-15,10.239999771118164,10.430000305175781,9.15999984741211,9.34000015258789,64345300
2023-11-16,9.760000228881836,9.9399995803833,9.210000038146973,9.819999694824219,39678400
2023-11-17,10.0,10.109999656677246,9.510000228881836,9.8100004196167,27601800
2023-11-20,10.640000343322754,10.829999923706055,10.130000114440918,10.199999809265137,55707400
2023-11-21,10.3100004196167,10.5600004196167,9.960000038146973,10.350000381469727,42923500
2023-11-22,10.920000076293945,10.979999542236328,9.880000114440918,10.319999694824219,49753100
2023-11-24,11.40999984741211,11.600000381469727,10.850000381469727,11.039999961853027,42385900
2023-11-27,11.279999732971191,11.649999618530273,10.760000228881836,10.9399995803833,38413400
2023-11-28,12.380000114440918,12.399999618530273,11.550000190734863,11.65999984741211,62545100
2023-11-29,12.399999618530273,12.630000114440918,12.039999961853027,12.420000076293945,42596300
2023-11-30,11.970000267028809,12.430000305175781,11.90999984741211,12.3100004196167,29942500
2023-12-01,13.699999809265137,13.699999809265137,12.180000305175781,12.199999809265137,57061500
2023-12-04,14.859999656677246,15.529999732971191,14.069999694824219,15.329999923706055,81617900
2023-12-05,15.279999732971191,16.06999969482422,14.8100004196167,14.819999694824219,77635500
2023-12-06,15.539999961853027,16.170000076293945,15.300000190734863,15.649999618530273,56390700
2023-12-07,15.510000228881836,15.680000305175781,14.710000038146973,14.899999618530273,41151900
2023-12-08,16.780000686645508,16.790000915527344,15.5600004196167,15.600000381469727,53071200
2023-12-11,14.649999618530273,15.680000305175781,14.229999542236328,15.670000076293945,59302900
2023-12-12,14.890000343322754,15.109999656677246,14.449999809265137,14.75,35579500
2023-12-13,16.760000228881836,16.860000610351562,14.479999542236328,14.739999771118164,63715300
2023-12-14,17.81999969482422,17.989999771118164,16.420000076293945,16.739999771118164,60551500
2023-12-15,18.290000915527344,18.31999969482422,17.049999237060547,17.350000381469727,53947900
2023-12-18,19.8799991607666,20.09000015258789,17.65999984741211,17.690000534057617,60344600
2023-12-19,21.969999313354492,22.489999771118164,20.329999923706055,20.600000381469727,91857600
2023-12-20,22.100000381469727,24.329999923706055,22.040000915527344,23.6200008392334,117235300
2023-12-21,24.780000686645508,25.100000381469727,22.420000076293945,23.239999771118164,104432700
2023-12-22,26.709999084472656,27.729999542236328,24.65999984741211,25.520000457763672,118601900
2023-12-26,26.959999084472656,27.049999237060547,25.219999313354492,26.149999618530273,79566200
2023-12-27,31.06999969482422,31.299999237060547,28.149999618530273,28.149999618530273,106789700
2023-12-28,28.110000610351562,30.229999542236328,27.559999465942383,28.989999771118164,119982200
2023-12-29,23.489999771118164,29.670000076293945,23.049999237060547,28.950000762939453,144949700
2024-01-02,22.93000030517578,26.690000534057617,22.770000457763672,26.639999389648438,102571800
2024-01-03,23.440000534057617,23.75,20.389999389648438,20.700000762939453,96670300
2024-01-04,26.270000457763672,26.8799991607666,23.0,24.15999984741211,97753600
2024-01-05,24.1200008392334,25.600000381469727,23.31999969482422,25.479999542236328,92250600
2024-01-08,25.979999542236328,26.649999618530273,22.6200008392334,24.770000457763672,113019100
2024-01-09,25.729999542236328,26.670000076293945,24.75,25.479999542236328,84955900
2024-01-10,25.6299991607666,27.68000030517578,23.780000686645508,24.790000915527344,140233400
2024-01-11,22.399999618530273,29.18000030517578,20.75,27.290000915527344,213408200
2024-01-12,18.979999542236328,22.06999969482422,18.760000228881836,21.5,138255700
2024-01-16,17.780000686645508,19.040000915527344,17.18000030517578,18.649999618530273,106408800
2024-01-17,17.260000228881836,17.979999542236328,16.6200008392334,17.5,76361100
2024-01-18,16.06999969482422,18.149999618530273,15.960000038146973,17.219999313354492,91998300
2024-01-19,16.1299991607666,16.479999542236328,14.619999885559082,15.979999542236328,110136400
2024-01-22,16.610000610351562,17.139999389648438,15.210000038146973,15.520000457763672,82482700
2024-01-23,16.110000610351562,16.649999618530273,15.449999809265137,15.789999961853027,56602600
2024-01-24,15.649999618530273,17.190000534057617,15.539999961853027,16.600000381469727,68891600
2024-01-25,16.270000457763672,16.56999969482422,15.569999694824219,15.760000228881836,56469200
2024-01-26,17.850000381469727,18.450000762939453,16.889999389648438,17.229999542236328,87559400
2024-01-29,18.520000457763672,19.729999542236328,17.530000686645508,17.959999084472656,92576900
2024-01-30,18.110000610351562,19.079999923706055,17.829999923706055,18.440000534057617,56458800
2024-01-31,17.729999542236328,19.18000030517578,17.270000457763672,17.459999084472656,75527900
2024-02-01,18.600000381469727,18.8700008392334,17.139999389648438,17.760000228881836,64373700
2024-02-02,18.200000762939453,19.079999923706055,17.829999923706055,17.940000534057617,52991500
2024-02-05,16.639999389648438,18.260000228881836,16.6200008392334,18.1200008392334,50371800
2024-02-06,17.059999465942383,17.5,16.399999618530273,16.65999984741211,39214200
2024-02-07,17.540000915527344,17.600000381469727,16.139999389648438,16.850000381469727,53166200
2024-02-08,21.579999923706055,21.6200008392334,18.260000228881836,18.65999984741211,106855900
2024-02-09,23.889999389648438,24.360000610351562,22.5,23.68000030517578,117143200
2024-02-12,27.280000686645508,27.549999237060547,23.600000381469727,23.600000381469727,102363900
2024-02-13,25.719999313354492,26.399999618530273,24.100000381469727,24.399999618530273,77122100
2024-02-14,29.40999984741211,29.729999542236328,28.110000610351562,29.030000686645508,79211200
2024-02-15,27.020000457763672,30.450000762939453,26.15999984741211,30.0,97860300
2024-02-16,26.940000534057617,28.639999389648438,26.25,28.059999465942383,58428600
2024-02-20,24.510000228881836,27.399999618530273,22.889999389648438,26.950000762939453,72618000
2024-02-21,22.899999618530273,23.940000534057617,22.760000228881836,22.90999984741211,44428800
2024-02-22,24.559999465942383,25.110000610351562,22.670000076293945,23.260000228881836,53000400
2024-02-23,23.989999771118164,24.6299991607666,23.049999237060547,23.6299991607666,42059100
2024-02-26,29.190000534057617,29.81999969482422,24.40999984741211,24.40999984741211,106547600
2024-02-27,30.309999465942383,32.869998931884766,28.219999313354492,31.739999771118164,116889400
2024-02-28,31.030000686645508,34.09000015258789,29.469999313354492,32.29999923706055,179649700
2024-02-29,25.899999618530273,30.709999084472656,25.059999465942383,29.770000457763672,133154400
2024-03-01,27.0,27.0,24.520000457763672,26.530000686645508,78532500
2024-03-04,25.709999084472656,29.3799991607666,24.459999084472656,27.8700008392334,119395500
2024-03-05,22.260000228881836,26.65999984741211,22.010000228881836,24.709999084472656,100790300
2024-03-06,22.6200008392334,23.940000534057617,21.6299991607666,23.479999542236328,66880700
2024-03-07,21.799999237060547,22.940000534057617,21.450000762939453,22.0,58499200
2024-03-08,23.479999542236328,25.280000686645508,22.020000457763672,22.100000381469727,94269600
2024-03-11,20.639999389648438,24.889999389648438,20.600000381469727,24.670000076293945,82992200
2024-03-12,20.190000534057617,20.950000762939453,19.25,20.889999389648438,65064400
2024-03-13,19.700000762939453,21.3799991607666,19.6299991607666,20.06999969482422,49994400
2024-03-14,18.229999542236328,19.200000762939453,17.520000457763672,19.200000762939453,61409600
2024-03-15,19.31999969482422,19.84000015258789,17.479999542236328,17.770000457763672,58173500
2024-03-18,19.40999984741211,20.110000610351562,18.209999084472656,18.979999542236328,51913100
2024-03-19,19.31999969482422,19.43000030517578,17.399999618530273,18.3799991607666,47831700
2024-03-20,22.43000030517578,22.43000030517578,19.020000457763672,19.559999465942383,74376900
2024-03-21,21.780000686645508,23.079999923706055,21.309999465942383,22.399999618530273,64872600
2024-03-22,20.8700008392334,21.559999465942383,20.600000381469727,21.170000076293945,37475300
2024-03-25,20.950000762939453,22.520000457763672,20.709999084472656,21.229999542236328,64877100
2024-03-26,20.3799991607666,21.489999771118164,19.81999969482422,20.75,42142100
2024-03-27,22.06999969482422,22.579999923706055,20.0,21.049999237060547,58349700
2024-03-28,22.579999923706055,24.649999618530273,22.190000534057617,22.440000534057617,86137100
2024-04-01,21.6299991607666,22.5,21.06999969482422,22.020000457763672,37253800
2024-04-02,19.729999542236328,20.56999969482422,19.459999084472656,20.420000076293945,35079600
2024-04-03,19.43000030517578,20.31999969482422,19.420000076293945,19.649999618530273,31025500
2024-04-04,18.469999313354492,20.459999084472656,18.329999923706055,20.020000457763672,56690100
2024-04-05,18.43000030517578,19.260000228881836,18.06999969482422,18.100000381469727,31600100
2024-04-08,17.950000762939453,19.729999542236328,17.610000610351562,19.43000030517578,44457600
2024-04-09,17.979999542236328,18.549999237060547,17.6200008392334,17.829999923706055,34593300
2024-04-10,17.3799991607666,18.06999969482422,17.110000610351562,17.299999237060547,34618400
2024-04-11,17.600000381469727,17.829999923706055,17.049999237060547,17.280000686645508,30602000
2024-04-12,16.110000610351562,17.469999313354492,15.800000190734863,17.450000762939453,39158500
2024-04-15,15.149999618530273,16.350000381469727,15.109999656677246,16.170000076293945,33790100
2024-04-16,14.600000381469727,14.989999771118164,14.229999542236328,14.819999694824219,35943500
2024-04-17,14.630000114440918,15.130000114440918,14.180000305175781,14.579999923706055,37799800
2024-04-18,15.029999732971191,15.819999694824219,14.460000038146973,14.609999656677246,39146100
2024-04-19,16.5,16.850000381469727,15.100000381469727,15.15999984741211,50053000
2024-04-22,17.549999237060547,17.579999923706055,15.539999961853027,17.149999618530273,66955500
2024-04-23,19.440000534057617,19.889999389648438,17.25,17.309999465942383,61140900
2024-04-24,19.09000015258789,20.040000915527344,18.670000076293945,19.110000610351562,45467000
2024-04-25,19.010000228881836,19.1200008392334,17.510000228881836,17.920000076293945,37047300
2024-04-26,19.43000030517578,19.809999465942383,18.6200008392334,19.049999237060547,39397300
2024-04-29,18.030000686645508,18.889999389648438,17.700000762939453,18.43000030517578,40382700
2024-04-30,16.059999465942383,17.510000228881836,16.010000228881836,17.18000030517578,42087000
2024-05-01,16.06999969482422,17.209999084472656,15.630000114440918,15.739999771118164,38827800
2024-05-02,17.06999969482422,17.139999389648438,15.90999984741211,16.600000381469727,35299800
2024-05-03,17.520000457763672,18.209999084472656,17.1299991607666,17.920000076293945,38631100
2024-05-06,20.670000076293945,21.030000686645508,18.229999542236328,18.440000534057617,87046900
2024-05-07,20.209999084472656,20.68000030517578,19.700000762939453,20.09000015258789,88992700
2024-05-08,20.09000015258789,20.280000686645508,18.770000457763672,19.59000015258789,39681100
2024-05-09,19.649999618530273,20.65999984741211,19.479999542236328,19.709999084472656,45293500
2024-05-10,17.15999984741211,19.81999969482422,17.09000015258789,19.780000686645508,56095700
2024-05-13,17.260000228881836,18.40999984741211,17.0,17.65999984741211,31441600
2024-05-14,18.06999969482422,18.229999542236328,16.799999237060547,16.899999618530273,30169200
2024-05-15,20.200000762939453,20.229999542236328,17.979999542236328,18.8700008392334,53512000
2024-05-16,19.649999618530273,20.440000534057617,19.329999923706055,19.850000381469727,32569100
2024-05-17,19.450000762939453,20.8799991607666,19.260000228881836,20.190000534057617,48373500
2024-05-20,22.31999969482422,22.81999969482422,18.8700008392334,19.68000030517578,66423200
2024-05-21,21.350000381469727,22.549999237060547,21.1200008392334,22.229999542236328,45259500
2024-05-22,21.239999771118164,22.860000610351562,20.899999618530273,21.5,47596700
2024-05-23,20.079999923706055,21.59000015258789,19.84000015258789,21.459999084472656,43108400
2024-05-24,21.209999084472656,21.729999542236328,19.860000610351562,20.260000228881836,46639900
2024-05-28,20.729999542236328,22.270000457763672,20.149999618530273,21.149999618530273,49579900
2024-05-29,20.239999771118164,21.100000381469727,20.110000610351562,20.350000381469727,31746400
2024-05-30,20.040000915527344,21.18000030517578,19.760000228881836,20.540000915527344,47470000
2024-05-31,19.520000457763672,20.649999618530273,18.899999618530273,20.34000015258789,39494900
2024-06-03,19.579999923706055,21.389999389648438,19.1200008392334,20.209999084472656,47885300
2024-06-04,20.520000457763672,21.309999465942383,19.56999969482422,19.600000381469727,62277800
2024-06-05,21.06999969482422,21.149999618530273,19.40999984741211,20.93000030517578,62964700
2024-06-06,20.799999237060547,22.049999237060547,20.579999923706055,20.93000030517578,57567500
2024-06-07,19.270000457763672,21.440000534057617,19.059999465942383,20.770000457763672,59027900
2024-06-10,19.459999084472656,19.920000076293945,18.780000686645508,19.170000076293945,37604700
2024-06-11,19.829999923706055,19.8799991607666,17.600000381469727,18.850000381469727,44635800
2024-06-12,20.309999465942383,21.0,19.969999313354492,20.309999465942383,52223000
2024-06-13,20.0,21.079999923706055,19.360000610351562,20.34000015258789,40912400
2024-06-14,19.469999313354492,20.360000610351562,18.950000762939453,20.0,36095200
2024-06-17,20.020000457763672,20.530000686645508,18.479999542236328,19.15999984741211,43085300
2024-06-18,20.280000686645508,20.389999389648438,19.149999618530273,19.479999542236328,36053200
2024-06-20,20.65999984741211,21.3700008392334,20.079999923706055,20.670000076293945,50043000
2024-06-21,19.209999084472656,19.979999542236328,18.579999923706055,19.93000030517578,66858300
2024-06-24,18.690000534057617,19.149999618530273,18.3700008392334,18.469999313354492,33442800
2024-06-25,19.25,19.81999969482422,18.549999237060547,18.989999771118164,40442000
2024-06-26,19.3700008392334,20.270000457763672,19.030000686645508,19.09000015258789,38602800
2024-06-27,19.65999984741211,20.229999542236328,19.280000686645508,19.700000762939453,34565000
2024-06-28,19.850000381469727,20.809999465942383,19.469999313354492,19.850000381469727,49591000
2024-07-01,22.559999465942383,22.84000015258789,20.31999969482422,20.329999923706055,74453700
2024-07-02,22.1200008392334,22.979999542236328,21.540000915527344,22.479999542236328,47465100
2024-07-03,20.979999542236328,21.579999923706055,20.639999389648438,21.5,30989000
2024-07-05,20.170000076293945,20.239999771118164,19.420000076293945,19.649999618530273,40044600
2024-07-08,19.5,21.049999237060547,19.209999084472656,20.56999969482422,41156600
2024-07-09,19.030000686645508,19.850000381469727,18.850000381469727,19.709999084472656,38784300
2024-07-10,18.889999389648438,19.309999465942383,18.780000686645508,19.209999084472656,27531600
2024-07-11,19.020000457763672,19.889999389648438,18.84000015258789,19.520000457763672,40818900
2024-07-12,20.770000457763672,20.920000076293945,19.1200008392334,19.15999984741211,53885700
2024-07-15,24.579999923706055,24.979999542236328,21.559999465942383,21.90999984741211,96172800
2024-07-16,26.719999313354492,26.790000915527344,24.18000030517578,24.25,67641700
2024-07-17,25.549999237060547,27.299999237060547,24.309999465942383,25.799999237060547,62374800
2024-07-18,23.649999618530273,26.170000076293945,23.360000610351562,25.989999771118164,44289800
2024-07-19,24.729999542236328,25.5,23.3799991607666,23.709999084472656,61002900
2024-07-22,23.950000762939453,25.559999465942383,23.299999237060547,25.030000686645508,48793600
2024-07-23,21.649999618530273,23.56999969482422,21.5,23.5,54378400
2024-07-24,20.670000076293945,22.59000015258789,20.610000610351562,22.030000686645508,36964200
2024-07-25,20.280000686645508,21.270000457763672,19.90999984741211,20.25,37320600
2024-07-26,21.56999969482422,22.139999389648438,20.829999923706055,21.56999969482422,43781900
2024-07-29,20.450000762939453,22.899999618530273,20.420000076293945,22.530000686645508,45269200
2024-07-30,19.729999542236328,20.959999084472656,19.6200008392334,20.59000015258789,27107900
2024-07-31,19.670000076293945,20.670000076293945,19.579999923706055,20.260000228881836,31839900
2024-08-01,18.139999389648438,19.979999542236328,17.850000381469727,19.719999313354492,38813800
2024-08-02,17.190000534057617,18.469999313354492,17.09000015258789,17.709999084472656,38866900
2024-08-05,16.950000762939453,16.950000762939453,13.65999984741211,13.930000305175781,45550600
2024-08-06,17.25,17.579999923706055,16.059999465942383,17.3799991607666,29049100
2024-08-07,15.84000015258789,17.799999237060547,15.739999771118164,17.739999771118164,28804000
2024-08-08,17.389999389648438,17.670000076293945,16.100000381469727,16.549999237060547,34023100
2024-08-09,17.030000686645508,17.459999084472656,16.709999084472656,17.389999389648438,22114100
2024-08-12,15.109999656677246,16.200000762939453,15.0,16.030000686645508,52147500
2024-08-13,15.489999771118164,15.979999542236328,14.75,15.010000228881836,41943400
2024-08-14,15.140000343322754,15.800000190734863,14.90999984741211,15.779999732971191,29611400
2024-08-15,15.460000038146973,16.280000686645508,15.1899995803833,15.199999809265137,34757600
2024-08-16,16.239999771118164,16.489999771118164,15.390000343322754,15.569999694824219,36335500
2024-08-19,16.440000534057617,16.799999237060547,15.960000038146973,16.389999389648438,25446300
2024-08-20,16.420000076293945,17.1200008392334,16.030000686645508,16.84000015258789,34991500
2024-08-21,17.6299991607666,17.649999618530273,16.399999618530273,16.549999237060547,38065400
2024-08-22,16.860000610351562,17.729999542236328,16.75,17.610000610351562,30867700
2024-08-23,18.690000534057617,18.729999542236328,16.81999969482422,17.15999984741211,46172400
2024-08-26,18.559999465942383,18.84000015258789,17.829999923706055,18.56999969482422,29703600
2024-08-27,17.75,18.170000076293945,17.1299991607666,18.079999923706055,33185200
2024-08-28,17.1299991607666,17.549999237060547,16.700000762939453,17.209999084472656,24596600
2024-08-29,16.989999771118164,18.450000762939453,16.860000610351562,17.549999237060547,41675100
2024-08-30,16.700000762939453,17.280000686645508,16.489999771118164,17.229999542236328,31089300
2024-09-03,15.260000228881836,16.520000457763672,15.029999732971191,16.5,30074500
2024-09-04,14.880000114440918,15.449999809265137,14.720000267028809,14.930000305175781,24013000
2024-09-05,13.84000015258789,15.09000015258789,13.739999771118164,14.84000015258789,31903200
2024-09-06,13.369999885559082,14.359999656677246,13.170000076293945,14.300000190734863,29409800
2024-09-09,14.619999885559082,14.75,13.670000076293945,13.800000190734863,30047100
2024-09-10,15.9399995803833,15.960000038146973,14.359999656677246,14.75,35512300
2024-09-11,15.789999961853027,16.200000762939453,14.880000114440918,15.4399995803833,35427800
2024-09-12,15.800000190734863,16.049999237060547,15.380000114440918,15.8100004196167,27200600
2024-09-13,16.1200008392334,16.719999313354492,15.65999984741211,15.850000381469727,34828700
2024-09-16,15.869999885559082,16.209999084472656,15.359999656677246,15.699999809265137,23786900
2024-09-17,15.869999885559082,16.59000015258789,15.5600004196167,16.229999542236328,33344300
2024-09-18,15.34000015258789,16.579999923706055,15.170000076293945,15.829999923706055,35338500
2024-09-19,15.449999809265137,16.510000228881836,15.430000305175781,16.3799991607666,42715700
2024-09-20,15.539999961853027,15.609999656677246,14.970000267028809,15.420000076293945,30712900
2024-09-23,16.06999969482422,16.299999237060547,15.359999656677246,15.550000190734863,24601500
2024-09-24,16.40999984741211,16.549999237060547,15.619999885559082,16.1299991607666,36047300
2024-09-25,16.139999389648438,16.860000610351562,16.020000457763672,16.350000381469727,32695400
2024-09-26,17.520000457763672,18.25,16.5,16.700000762939453,60450700
2024-09-27,17.290000915527344,17.920000076293945,16.850000381469727,17.920000076293945,41237600
2024-09-30,16.219999313354492,16.709999084472656,16.079999923706055,16.610000610351562,30746400
2024-10-01,15.069999694824219,16.190000534057617,14.670000076293945,16.1299991607666,36592300
2024-10-02,15.210000038146973,15.529999732971191,14.850000381469727,15.020000457763672,26569600
2024-10-03,15.470000267028809,15.479999542236328,14.789999961853027,15.039999961853027,26987000
2024-10-04,16.309999465942383,16.639999389648438,15.550000190734863,15.8100004196167,32244300
2024-10-07,15.989999771118164,16.719999313354492,15.520000457763672,16.43000030517578,30754000
2024-10-08,15.829999923706055,16.3700008392334,15.649999618530273,15.75,25109200
2024-10-09,15.4399995803833,16.149999618530273,15.350000381469727,15.779999732971191,26085300
2024-10-10,15.229999542236328,15.5,15.0600004196167,15.390000343322754,20941200
2024-10-11,16.079999923706055,16.229999542236328,15.3100004196167,15.430000305175781,36454600
2024-10-14,16.979999542236328,17.959999084472656,16.34000015258789,16.790000915527344,65860600
2024-10-15,16.920000076293945,17.940000534057617,16.6299991607666,17.049999237060547,50534300
2024-10-16,18.079999923706055,18.190000534057617,16.959999084472656,17.5,53156500
2024-10-17,18.010000228881836,18.489999771118164,17.100000381469727,17.969999313354492,43533700
2024-10-18,18.8799991607666,19.100000381469727,18.260000228881836,18.3700008392334,47505600
2024-10-21,18.709999084472656,18.770000457763672,17.860000610351562,18.700000762939453,42646400
2024-10-22,18.969999313354492,19.139999389648438,18.110000610351562,18.34000015258789,32373000
2024-10-23,18.06999969482422,18.75,17.329999923706055,18.600000381469727,44412100
2024-10-24,18.219999313354492,18.989999771118164,17.729999542236328,18.479999542236328,48745900
2024-10-25,17.059999465942383,18.31999969482422,16.950000762939453,18.200000762939453,56106500
2024-10-28,18.940000534057617,19.190000534057617,17.6200008392334,17.719999313354492,60624100
2024-10-29,18.940000534057617,19.940000534057617,18.709999084472656,19.389999389648438,65540400
2024-10-30,18.280000686645508,19.1200008392334,18.010000228881836,18.350000381469727,33488500
2024-10-31,16.770000457763672,18.239999771118164,16.450000762939453,18.149999618530273,39713000
2024-11-01,16.110000610351562,17.3700008392334,16.100000381469727,16.93000030517578,32711000
2024-11-04,15.5,15.9399995803833,15.3100004196167,15.869999885559082,29692100
2024-11-05,16.239999771118164,16.360000610351562,15.699999809265137,15.960000038146973,32554800
2024-11-06,19.31999969482422,19.600000381469727,17.239999771118164,17.610000610351562,85571500
2024-11-07,19.309999465942383,19.549999237060547,18.75,18.899999618530273,49751200
2024-11-08,19.25,19.43000030517578,18.56999969482422,19.110000610351562,47164400
2024-11-11,25.010000228881836,25.469999313354492,21.799999237060547,22.299999237060547,125540700
2024-11-12,25.229999542236328,25.3799991607666,23.459999084472656,24.100000381469727,87663900
2024-11-13,21.700000762939453,26.190000534057617,21.43000030517578,24.31999969482422,94879700
2024-11-14,20.790000915527344,22.899999618530273,20.18000030517578,22.479999542236328,46983000
2024-11-15,21.06999969482422,21.299999237060547,20.010000228881836,21.270000457763672,42768800
2024-11-18,18.110000610351562,21.15999984741211,17.719999313354492,19.829999923706055,121617100
2024-11-19,19.860000610351562,20.649999618530273,18.270000457763672,18.299999237060547,88677400
2024-11-20,22.6299991607666,23.5,20.510000228881836,20.739999771118164,124501400
2024-11-21,24.18000030517578,25.75,22.5,25.209999084472656,166260600
2024-11-22,26.030000686645508,26.709999084472656,23.110000610351562,23.639999389648438,105262400
2024-11-25,26.420000076293945,28.889999389648438,24.860000610351562,27.06999969482422,123760600
2024-11-26,24.969999313354492,27.90999984741211,24.649999618530273,25.100000381469727,91188100
2024-11-27,26.920000076293945,27.31999969482422,25.0,26.030000686645508,87941700
2024-11-29,27.420000076293945,30.280000686645508,27.139999389648438,27.520000457763672,89541900
2024-12-02,25.6299991607666,26.90999984741211,23.81999969482422,26.84000015258789,125972900
2024-12-03,25.1299991607666,25.729999542236328,24.149999618530273,24.489999771118164,60750200
2024-12-04,25.959999084472656,26.100000381469727,24.579999923706055,25.139999389648438,69104600
2024-12-05,24.790000915527344,28.06999969482422,24.780000686645508,27.15999984741211,97084600
2024-12-06,26.43000030517578,26.90999984741211,25.0,25.479999542236328,72455800
2024-12-09,23.860000610351562,26.209999084472656,23.780000686645508,25.479999542236328,68522400
2024-12-10,22.809999465942383,24.549999237060547,22.549999237060547,24.3700008392334,43813100
2024-12-11,23.270000457763672,24.610000610351562,22.920000076293945,23.5,57624000
2024-12-12,22.579999923706055,24.309999465942383,22.559999465942383,23.799999237060547,50696200
2024-12-13,22.729999542236328,23.299999237060547,22.299999237060547,22.8700008392334,40491700
2024-12-16,24.559999465942383,25.450000762939453,23.270000457763672,23.479999542236328,65027700
2024-12-17,24.600000381469727,25.579999923706055,24.280000686645508,25.399999618530273,62399800
2024-12-18,21.610000610351562,24.850000381469727,21.31999969482422,24.049999237060547,54388400
2024-12-19,20.3700008392334,22.90999984741211,19.8700008392334,22.559999465942383,47800000
2024-12-20,19.959999084472656,20.68000030517578,19.75,19.8799991607666,55121700
2024-12-23,19.25,20.06999969482422,19.020000457763672,19.979999542236328,28961000
2024-12-24,20.149999618530273,20.270000457763672,19.559999465942383,19.809999465942383,20546500
2024-12-26,19.299999237060547,20.0,19.260000228881836,19.860000610351562,22621200
2024-12-27,18.440000534057617,19.40999984741211,18.350000381469727,19.399999618530273,26370200
2024-12-30,17.290000915527344,18.149999618530273,16.84000015258789,18.09000015258789,39377100
2024-12-31,16.770000457763672,18.219999313354492,16.639999389648438,17.979999542236328,33064600
2025-01-02,17.209999084472656,18.219999313354492,16.969999313354492,17.469999313354492,39560100
2025-01-03,19.639999389648438,19.729999542236328,17.190000534057617,17.329999923706055,46612500
2025-01-06,20.549999237060547,20.59000015258789,19.610000610351562,20.0,46138400
2025-01-07,19.06999969482422,20.530000686645508,19.020000457763672,20.049999237060547,33898900
2025-01-08,18.34000015258789,18.8799991607666,17.65999984741211,18.56999969482422,29108200
2025-01-10,17.860000610351562,18.170000076293945,17.420000076293945,18.040000915527344,27905400
2025-01-13,17.190000534057617,17.469999313354492,16.399999618530273,16.969999313354492,32866500
2025-01-14,17.360000610351562,18.1299991607666,16.940000534057617,17.940000534057617,31584000
2025-01-15,18.149999618530273,18.6200008392334,17.850000381469727,18.1299991607666,38818600
2025-01-16,18.299999237060547,18.559999465942383,17.75,18.059999465942383,29327600
2025-01-17,19.90999984741211,20.979999542236328,18.959999084472656,19.229999542236328,88413300
2025-01-21,19.559999465942383,20.579999923706055,18.65999984741211,20.25,55287700
2025-01-22,19.690000534057617,20.100000381469727,18.93000030517578,19.239999771118164,35787000
2025-01-23,19.950000762939453,20.84000015258789,19.059999465942383,19.219999313354492,49812400
2025-01-24,19.989999771118164,21.18000030517578,19.829999923706055,20.219999313354492,46490600
2025-01-27,18.290000915527344,19.280000686645508,17.5,18.84000015258789,40307700
2025-01-28,18.260000228881836,18.579999923706055,17.860000610351562,18.5,23062100
2025-01-29,18.420000076293945,18.860000610351562,17.770000457763672,18.280000686645508,24935700
2025-01-30,19.18000030517578,19.579999923706055,18.700000762939453,18.719999313354492,33297200
2025-01-31,18.34000015258789,19.40999984741211,18.030000686645508,19.15999984741211,33483100
2025-02-03,17.950000762939453,18.299999237060547,16.8700008392334,16.920000076293945,39377800
2025-02-04,17.649999618530273,18.049999237060547,17.440000534057617,17.649999618530273,23501600
2025-02-05,17.030000686645508,17.940000534057617,17.020000457763672,17.84000015258789,24320000
2025-02-06,16.799999237060547,17.549999237060547,16.540000915527344,17.25,27578500
2025-02-07,16.770000457763672,17.860000610351562,16.510000228881836,17.31999969482422,34042500
2025-02-10,16.760000228881836,17.18000030517578,16.700000762939453,17.06999969482422,22214000
2025-02-11,16.020000457763672,16.809999465942383,16.010000228881836,16.639999389648438,22148400
2025-02-12,16.239999771118164,16.3700008392334,15.680000305175781,15.899999618530273,23647000
2025-02-13,16.90999984741211,16.950000762939453,15.880000114440918,16.170000076293945,26889700
2025-02-14,16.899999618530273,17.299999237060547,16.649999618530273,16.989999771118164,25267900
2025-02-18,16.049999237060547,16.790000915527344,15.920000076293945,16.739999771118164,26269900
2025-02-19,15.779999732971191,16.40999984741211,15.760000228881836,16.18000030517578,20778000
2025-02-20,15.949999809265137,16.200000762939453,15.5600004196167,16.040000915527344,21087400
2025-02-21,14.65999984741211,16.34000015258789,14.649999618530273,16.270000457763672,36080800
2025-02-24,13.890000343322754,14.649999618530273,13.680000305175781,14.600000381469727,38059000
2025-02-25,12.420000076293945,13.489999771118164,12.050000190734863,13.220000267028809,51032900
2025-02-26,12.449999809265137,12.869999885559082,12.210000038146973,12.260000228881836,41577400
2025-02-27,13.130000114440918,14.850000381469727,13.0600004196167,14.210000038146973,90411900
2025-02-28,13.920000076293945,14.550000190734863,12.920000076293945,12.970000267028809,63390300
2025-03-03,13.789999961853027,15.59000015258789,13.520000457763672,15.319999694824219,70463900
2025-03-04,13.970000267028809,14.819999694824219,13.119999885559082,13.239999771118164,59643700
2025-03-05,15.119999885559082,15.239999771118164,13.770000457763672,14.270000457763672,49178600
2025-03-06,15.09000015258789,15.699999809265137,14.569999694824219,14.890000343322754,48365400
2025-03-07,16.020000457763672,16.239999771118164,14.420000076293945,14.859999656677246,59542800
2025-03-10,13.40999984741211,15.380000114440918,13.149999618530273,15.270000457763672,52093500
2025-03-11,13.319999694824219,13.640000343322754,12.710000038146973,13.529999732971191,39338900
2025-03-12,13.109999656677246,13.84000015258789,12.84000015258789,13.550000190734863,32587900
2025-03-13,12.15999984741211,13.270000457763672,12.130000114440918,13.239999771118164,30067900
2025-03-14,13.180000305175781,13.34000015258789,12.390000343322754,12.510000228881836,42035500
2025-03-17,12.970000267028809,13.319999694824219,12.569999694824219,13.119999885559082,31566300
2025-03-18,12.069999694824219,12.630000114440918,12.029999732971191,12.609999656677246,29973100
2025-03-19,12.529999732971191,12.859999656677246,12.149999618530273,12.289999961853027,38724800
2025-03-20,12.5,13.109999656677246,12.329999923706055,12.369999885559082,31171800
2025-03-21,12.380000114440918,12.479999542236328,12.079999923706055,12.260000228881836,43101600
2025-03-24,14.609999656677246,14.640000343322754,12.8100004196167,12.84000015258789,52289300
2025-03-25,14.25,14.6899995803833,13.920000076293945,14.539999961853027,38228200
2025-03-26,13.789999961853027,14.260000228881836,13.470000267028809,14.199999809265137,29926200
2025-03-27,13.640000343322754,14.09000015258789,13.260000228881836,13.520000457763672,22451800
2025-03-28,12.470000267028809,13.4399995803833,12.350000381469727,13.4399995803833,35038100
2025-03-31,11.5,11.960000038146973,11.289999961853027,11.949999809265137,33298300
2025-04-01,11.84000015258789,11.920000076293945,11.050000190734863,11.649999618530273,35567800
2025-04-02,12.420000076293945,12.65999984741211,11.5,11.529999732971191,42127900
2025-04-03,11.229999542236328,11.600000381469727,11.170000076293945,11.350000381469727,26360300
2025-04-04,11.300000190734863,11.359999656677246,9.8100004196167,10.979999542236328,44968400
2025-04-07,11.260000228881836,12.270000457763672,9.850000381469727,10.119999885559082,44828000
2025-04-08,10.520000457763672,11.920000076293945,10.1899995803833,11.859999656677246,34841600
2025-04-09,12.3100004196167,12.75,10.3100004196167,10.449999809265137,56429500
2025-04-10,11.739999771118164,11.970000267028809,11.0,11.770000457763672,33703600
2025-04-11,12.510000228881836,12.619999885559082,11.729999542236328,11.890000343322754,34927200
2025-04-14,12.949999809265137,13.449999809265137,12.600000381469727,12.899999618530273,35548900
2025-04-15,12.579999923706055,13.15999984741211,12.180000305175781,13.0600004196167,31020400
2025-04-16,12.319999694824219,12.6899995803833,12.050000190734863,12.260000228881836,24621400
2025-04-17,12.65999984741211,12.670000076293945,12.029999732971191,12.34000015258789,19415500
2025-04-21,12.289999961853027,13.109999656677246,12.180000305175781,12.869999885559082,32418000
2025-04-22,14.0600004196167,14.079999923706055,12.699999809265137,12.760000228881836,62449200
2025-04-23,14.130000114440918,14.770000457763672,13.949999809265137,14.600000381469727,42139200
2025-04-24,14.010000228881836,14.3100004196167,13.859999656677246,13.90999984741211,29150200
2025-04-25,14.300000190734863,14.600000381469727,14.020000457763672,14.279999732971191,31608600
2025-04-28,14.010000228881836,14.489999771118164,13.449999809265137,14.399999618530273,30247100
2025-04-29,14.220000267028809,14.479999542236328,13.960000038146973,14.010000228881836,37502700
2025-04-30,13.369999885559082,13.960000038146973,13.050000190734863,13.850000381469727,34872300
2025-05-01,14.050000190734863,14.65999984741211,13.600000381469727,13.930000305175781,61180700
2025-05-02,14.479999542236328,14.960000038146973,14.0600004196167,14.119999885559082,56634900
2025-05-05,13.09000015258789,14.0600004196167,12.739999771118164,13.970000267028809,51812500
2025-05-06,13.149999618530273,13.329999923706055,12.630000114440918,12.739999771118164,23009500
2025-05-07,13.329999923706055,13.59000015258789,13.050000190734863,13.319999694824219,31516700
2025-05-08,14.289999961853027,14.5,13.760000228881836,13.989999771118164,49215700
2025-05-09,15.760000228881836,16.149999618530273,14.069999694824219,14.130000114440918,86525400
2025-05-12,15.949999809265137,16.690000534057617,15.579999923706055,16.440000534057617,58400300
2025-05-13,16.3700008392334,16.6299991607666,15.800000190734863,16.309999465942383,48425700
2025-05-14,15.869999885559082,16.43000030517578,15.770000457763672,16.34000015258789,30663200
2025-05-15,15.680000305175781,15.890000343322754,15.25,15.5600004196167,28710300
2025-05-16,16.209999084472656,16.59000015258789,15.680000305175781,15.75,40908200
2025-05-19,16.31999969482422,16.389999389648438,15.5600004196167,15.720000267028809,35229100
2025-05-20,16.190000534057617,16.299999237060547,15.720000267028809,16.229999542236328,34242600
2025-05-21,15.84000015258789,17.219999313354492,15.65999984741211,16.15999984741211,75135700
2025-05-22,15.649999618530273,17.239999771118164,15.640000343322754,16.690000534057617,84449400
2025-05-23,14.729999542236328,15.279999732971191,14.579999923706055,15.029999732971191,47232700
2025-05-27,16.440000534057617,16.600000381469727,15.199999809265137,15.220000267028809,66177800
2025-05-28,14.859999656677246,16.309999465942383,14.789999961853027,16.309999465942383,57658100
2025-05-29,14.609999656677246,15.229999542236328,14.510000228881836,15.210000038146973,26868600
2025-05-30,14.119999885559082,14.6899995803833,14.09000015258789,14.4399995803833,35164200
2025-06-02,14.359999656677246,14.430000305175781,13.930000305175781,14.020000457763672,36748700
2025-06-03,15.329999923706055,15.550000190734863,14.279999732971191,14.470000267028809,49904400
2025-06-04,15.670000076293945,15.789999961853027,14.920000076293945,15.020000457763672,50856400
2025-06-05,14.880000114440918,15.850000381469727,14.649999618530273,15.75,41371200
2025-06-06,15.779999732971191,16.110000610351562,15.119999885559082,15.199999809265137,61255200
2025-06-09,16.270000457763672,16.299999237060547,15.470000267028809,16.219999313354492,64736500
2025-06-10,16.489999771118164,16.68000030517578,16.030000686645508,16.31999969482422,49306100
2025-06-11,16.350000381469727,16.729999542236328,15.960000038146973,16.559999465942383,40761400
2025-06-12,15.819999694824219,16.479999542236328,15.609999656677246,15.850000381469727,42679700
2025-06-13,15.039999961853027,15.720000267028809,14.569999694824219,15.369999885559082,55022500
2025-06-16,15.319999694824219,15.539999961853027,15.050000190734863,15.329999923706055,39214900
2025-06-17,14.670000076293945,15.1899995803833,14.289999961853027,15.119999885559082,54622000
2025-06-18,14.489999771118164,14.920000076293945,14.430000305175781,14.520000457763672,37451000
2025-06-20,14.319999694824219,14.90999984741211,14.109999656677246,14.789999961853027,49493000
2025-06-23,14.180000305175781,14.449999809265137,13.489999771118164,13.949999809265137,48736200
2025-06-24,14.880000114440918,15.050000190734863,14.369999885559082,14.520000457763672,43803800
2025-06-25,14.979999542236328,15.40999984741211,14.819999694824219,15.369999885559082,37555000
2025-06-26,15.270000457763672,15.399999618530273,14.579999923706055,14.880000114440918,39641200
2025-06-27,15.029999732971191,15.5,14.850000381469727,15.140000343322754,39794000
2025-06-30,15.680000305175781,15.800000190734863,15.069999694824219,15.220000267028809,46603100
2025-07-01,15.699999809265137,16.15999984741211,15.289999961853027,15.359999656677246,41974200
2025-07-02,17.799999237060547,17.84000015258789,15.869999885559082,15.949999809265137,82124900
2025-07-03,17.65999984741211,18.219999313354492,17.3799991607666,17.579999923706055,32142500
2025-07-07,16.75,17.489999771118164,16.239999771118164,17.420000076293945,42431700
2025-07-08,17.520000457763672,17.670000076293945,16.959999084472656,17.110000610351562,33898500
2025-07-09,18.459999084472656,18.530000686645508,17.399999618530273,17.979999542236328,42743100
2025-07-10,19.0,19.190000534057617,17.950000762939453,18.479999542236328,46005300
2025-07-11,19.139999389648438,19.799999237060547,19.0,19.5,54864100
2025-07-14,19.209999084472656,21.5,18.979999542236328,19.790000915527344,86813200
2025-07-15,18.760000228881836,19.360000610351562,18.579999923706055,19.040000915527344,39532000
2025-07-16,19.440000534057617,20.190000534057617,19.399999618530273,19.489999771118164,49524200
2025-07-17,19.969999313354492,20.200000762939453,19.170000076293945,19.479999542236328,37813600
2025-07-18,19.510000228881836,20.989999771118164,19.270000457763672,20.25,41471900
2025-07-21,18.829999923706055,19.989999771118164,18.670000076293945,19.559999465942383,39987100
2025-07-22,19.8799991607666,19.989999771118164,18.690000534057617,19.170000076293945,36111100
2025-07-23,17.56999969482422,18.75,16.93000030517578,18.719999313354492,138542800
2025-07-24,17.260000228881836,17.68000030517578,17.1299991607666,17.549999237060547,59837900
2025-07-25,17.25,17.260000228881836,16.6299991607666,17.209999084472656,39143600
2025-07-28,17.15999984741211,17.649999618530273,16.950000762939453,17.639999389648438,40821700
2025-07-29,16.610000610351562,17.399999618530273,16.469999313354492,17.170000076293945,41980500
2025-07-30,16.549999237060547,17.920000076293945,16.299999237060547,17.420000076293945,58937300
2025-07-31,16.079999923706055,16.65999984741211,16.06999969482422,16.420000076293945,40020400
2025-08-01,15.5,15.9399995803833,15.010000228881836,15.470000267028809,43231700
2025-08-04,16.040000915527344,16.209999084472656,15.3100004196167,15.609999656677246,29808000
2025-08-05,15.619999885559082,15.989999771118164,15.329999923706055,15.899999618530273,28810500
2025-08-06,15.890000343322754,16.110000610351562,15.4399995803833,15.6899995803833,21598700
2025-08-07,15.949999809265137,16.5,15.600000381469727,16.200000762939453,26323600
2025-08-08,15.380000114440918,16.18000030517578,15.289999961853027,16.040000915527344,25638900
2025-08-11,15.65999984741211,16.209999084472656,15.569999694824219,15.899999618530273,32497200
2025-08-12,15.720000267028809,15.979999542236328,15.569999694824219,15.680000305175781,26799400
2025-08-13,15.859999656677246,16.31999969482422,15.609999656677246,15.800000190734863,46169200
2025-08-14,15.75,15.779999732971191,14.869999885559082,15.520000457763672,45222400
2025-08-15,15.670000076293945,15.920000076293945,15.359999656677246,15.6899995803833,37126700
2025-08-18,16.09000015258789,16.350000381469727,15.260000228881836,15.260000228881836,50673500
2025-08-19,15.170000076293945,16.25,15.020000457763672,16.149999618530273,40759700
2025-08-20,15.449999809265137,15.460000038146973,14.479999542236328,15.069999694824219,40586200
2025-08-21,15.510000228881836,15.579999923706055,15.020000457763672,15.130000114440918,47738600
2025-08-22,16.290000915527344,16.6299991607666,15.270000457763672,15.40999984741211,79096900
2025-08-25,15.399999618530273,15.920000076293945,15.020000457763672,15.850000381469727,75372600
2025-08-26,15.84000015258789,15.970000267028809,15.210000038146973,15.329999923706055,50801000
2025-08-27,15.850000381469727,16.139999389648438,15.550000190734863,15.779999732971191,49786300
2025-08-28,15.960000038146973,16.309999465942383,15.84000015258789,16.100000381469727,38340800
2025-08-29,15.979999542236328,16.100000381469727,15.539999961853027,15.859999656677246,66806700
2025-09-02,16.059999465942383,16.549999237060547,15.380000114440918,15.65999984741211,56252800
2025-09-03,15.890000343322754,16.68000030517578,15.649999618530273,16.149999618530273,56723900
2025-09-04,15.109999656677246,15.869999885559082,15.039999961853027,15.729999542236328,53255600
2025-09-05,15.1899995803833,15.720000267028809,14.609999656677246,15.5,62432000
2025-09-08,15.199999809265137,15.350000381469727,14.979999542236328,15.199999809265137,59266800
2025-09-09,15.930000305175781,16.0,15.350000381469727,15.40999984741211,71693300
2025-09-10,15.859999656677246,16.440000534057617,15.760000228881836,16.09000015258789,59254500
2025-09-11,15.710000038146973,16.389999389648438,15.670000076293945,15.859999656677246,53841900
2025-09-12,16.309999465942383,16.639999389648438,15.579999923706055,15.84000015258789,70580400
2025-09-15,16.239999771118164,16.350000381469727,15.569999694824219,16.239999771118164,76839500
2025-09-16,17.530000686645508,17.6200008392334,16.170000076293945,16.309999465942383,112743500
2025-09-17,17.34000015258789,17.81999969482422,16.75,17.3700008392334,79415800
2025-09-18,18.5,19.219999313354492,17.3799991607666,17.75,83114700
2025-09-19,18.290000915527344,18.709999084472656,18.260000228881836,18.5,62943800
2025-09-22,18.350000381469727,18.43000030517578,17.0,17.68000030517578,84866900
2025-09-23,17.709999084472656,19.170000076293945,17.6299991607666,18.639999389648438,66847700
2025-09-24,17.639999389648438,19.290000915527344,17.549999237060547,18.1299991607666,71463000
2025-09-25,16.06999969482422,17.280000686645508,15.729999542236328,17.270000457763672,85062100
2025-09-26,16.1299991607666,16.3700008392334,15.729999542236328,16.209999084472656,51924400
2025-09-29,18.65999984741211,18.729999542236328,16.3799991607666,16.489999771118164,104494800
2025-09-30,18.260000228881836,18.610000610351562,18.040000915527344,18.270000457763672,57430600
2025-10-01,18.610000610351562,19.40999984741211,18.200000762939453,18.860000610351562,65823400
2025-10-02,18.790000915527344,19.75,18.6299991607666,19.170000076293945,58147400
2025-10-03,18.81999969482422,19.610000610351562,18.450000762939453,19.030000686645508,60740800
2025-10-06,20.56999969482422,20.600000381469727,19.239999771118164,19.670000076293945,73382800
2025-10-07,20.25,20.93000030517578,19.1200008392334,20.700000762939453,56239900
2025-10-08,20.200000762939453,20.969999313354492,20.030000686645508,20.420000076293945,50170500
2025-10-09,20.200000762939453,20.65999984741211,19.43000030517578,20.329999923706055,49472600
2025-10-10,18.649999618530273,22.059999465942383,18.18000030517578,20.760000228881836,80366600
2025-10-13,20.239999771118164,20.600000381469727,18.979999542236328,19.34000015258789,42343600
2025-10-14,22.239999771118164,22.979999542236328,19.0,19.3700008392334,72225900
2025-10-15,22.84000015258789,23.450000762939453,22.219999313354492,22.700000762939453,58503700
2025-10-16,20.270000457763672,23.15999984741211,19.899999618530273,23.15999984741211,63827700
2025-10-17,19.56999969482422,20.18000030517578,19.0,19.56999969482422,49863700
2025-10-20,20.729999542236328,22.09000015258789,20.110000610351562,20.549999237060547,49220200
2025-10-21,20.06999969482422,21.040000915527344,19.65999984741211,20.3700008392334,40022600
2025-10-22,19.149999618530273,20.020000457763672,18.389999389648438,19.56999969482422,41372900
2025-10-23,19.219999313354492,19.920000076293945,19.1299991607666,19.329999923706055,32710100
2025-10-24,19.540000915527344,20.040000915527344,19.200000762939453,19.780000686645508,30810100
2025-10-27,19.559999465942383,20.469999313354492,19.540000915527344,20.3700008392334,34113000
2025-10-28,18.8799991607666,20.290000915527344,18.670000076293945,19.6299991607666,40462100
2025-10-29,18.8799991607666,19.270000457763672,18.149999618530273,19.040000915527344,33793300
2025-10-30,17.760000228881836,18.68000030517578,17.760000228881836,18.469999313354492,34392400
2025-10-31,18.270000457763672,18.389999389648438,17.649999618530273,18.299999237060547,33419500
2025-11-03,17.809999465942383,18.690000534057617,17.40999984741211,18.610000610351562,38632000
2025-11-04,16.6200008392334,17.90999984741211,16.540000915527344,17.479999542236328,51710300
2025-11-05,17.1299991607666,18.040000915527344,17.06999969482422,17.219999313354492,43786400
2025-11-06,15.960000038146973,17.059999465942383,15.930000305175781,17.0,40692300
2025-11-07,15.869999885559082,15.890000343322754,14.8100004196167,15.390000343322754,51496900
2025-11-10,15.579999923706055,16.6200008392334,15.5600004196167,16.559999465942383,37135400
2025-11-11,14.630000114440918,15.319999694824219,14.489999771118164,15.270000457763672,50681700
2025-11-12,14.40999984741211,14.979999542236328,13.979999542236328,14.960000038146973,41649900
2025-11-13,12.779999732971191,14.279999732971191,12.680000305175781,14.25,53568200
2025-11-14,11.989999771118164,12.6899995803833,11.960000038146973,12.390000343322754,49802900
2025-11-17,11.510000228881836,12.270000457763672,11.100000381469727,12.020000457763672,53541900
2025-11-18,11.880000114440918,12.119999885559082,11.359999656677246,11.40999984741211,49781500
2025-11-19,11.100000381469727,11.890000343322754,10.84000015258789,11.869999885559082,51758900
2025-11-20,10.239999771118164,11.739999771118164,10.210000038146973,11.479999542236328,55553200
2025-11-21,10.069999694824219,10.479999542236328,9.710000038146973,10.119999885559082,56525100
2025-11-24,11.210000038146973,11.279999732971191,10.119999885559082,10.380000114440918,53592200
2025-11-25,11.170000076293945,11.239999771118164,10.630000114440918,10.899999618530273,39384500
2025-11-26,11.109999656677246,11.520000457763672,10.899999618530273,11.319999694824219,49739500
2025-11-28,11.8100004196167,11.979999542236328,11.539999961853027,11.739999771118164,31835100
2025-12-01,11.520000457763672,11.649999618530273,10.619999885559082,11.079999923706055,47151600
2025-12-02,11.90999984741211,12.420000076293945,11.699999809265137,11.979999542236328,46125200
2025-12-03,12.470000267028809,12.539999961853027,11.800000190734863,12.0600004196167,42574500
2025-12-04,12.4399995803833,12.59000015258789,12.119999885559082,12.329999923706055,32405800
2025-12-05,11.739999771118164,12.199999809265137,11.630000114440918,12.199999809265137,37605500
2025-12-08,12.050000190734863,12.119999885559082,11.5600004196167,12.029999732971191,33653800
2025-12-09,12.25,12.869999885559082,11.760000228881836,11.869999885559082,42518200
2025-12-10,11.920000076293945,12.34000015258789,11.770000457763672,12.0600004196167,37825600
2025-12-11,11.84000015258789,11.859999656677246,11.170000076293945,11.59000015258789,44290800
2025-12-12,11.520000457763672,12.260000228881836,11.359999656677246,11.8100004196167,42717300
2025-12-15,10.699999809265137,11.510000228881836,10.579999923706055,11.479999542236328,44712700
2025-12-16,10.6899995803833,11.050000190734863,10.5,10.770000457763672,39827400
2025-12-17,9.930000305175781,10.949999809265137,9.920000076293945,10.779999732971191,49404000
2025-12-18,9.6899995803833,10.369999885559082,9.609999656677246,10.199999809265137,46078300
2025-12-19,10.180000305175781,10.220000267028809,9.890000343322754,9.899999618530273,57068100
2025-12-22,10.130000114440918,10.6899995803833,10.0,10.40999984741211,35379800
2025-12-23,9.859999656677246,10.0600004196167,9.6899995803833,9.989999771118164,32302300
2025-12-24,9.9399995803833,9.9399995803833,9.6899995803833,9.8100004196167,13168600
2025-12-26,9.59000015258789,9.970000267028809,9.430000305175781,9.970000267028809,28503100
2025-12-29,9.489999771118164,9.850000381469727,9.369999885559082,9.470000267028809,29561200
2025-12-30,9.329999923706055,9.670000076293945,9.3100004196167,9.520000457763672,28454800
2025-12-31,8.979999542236328,9.380000114440918,8.949999809265137,9.350000381469727,30543600
2026-01-02,9.90999984741211,9.989999771118164,9.029999732971191,9.1899995803833,45408000
2026-01-05,10.59000015258789,10.729999542236328,10.210000038146973,10.369999885559082,40202100
2026-01-06,10.3100004196167,10.6899995803833,9.970000267028809,10.630000114440918,34062500
2026-01-07,10.079999923706055,10.319999694824219,9.819999694824219,10.289999961853027,32215400
2026-01-08,10.4399995803833,10.680000305175781,9.829999923706055,9.899999618530273,31093100
2026-01-09,10.220000267028809,10.579999923706055,10.069999694824219,10.529999732971191,32172700
2026-01-12,10.649999618530273,10.850000381469727,10.15999984741211,10.220000267028809,38514000
2026-01-13,10.949999809265137,11.069999694824219,10.609999656677246,10.899999618530273,43133400
2026-01-14,11.109999656677246,11.460000038146973,10.890000343322754,11.180000305175781,56484300
2026-01-15,10.65999984741211,11.25,10.640000343322754,11.119999885559082,47808200
2026-01-16,11.359999656677246,11.569999694824219,10.59000015258789,10.6899995803833,51948100
2026-01-20,10.369999885559082,10.949999809265137,10.220000267028809,10.8100004196167,45896100
2026-01-21,10.5600004196167,11.220000267028809,10.229999542236328,10.510000228881836,43023400
2026-01-22,10.289999961853027,10.8100004196167,10.140000343322754,10.609999656677246,42011200
2026-01-23,10.5,10.989999771118164,9.989999771118164,10.260000228881836,46881200
2026-01-26,9.979999542236328,10.390000343322754,9.880000114440918,10.380000114440918,39545100
2026-01-27,10.520000457763672,10.600000381469727,9.899999618530273,10.050000190734863,38581200
2026-01-28,10.369999885559082,10.789999961853027,10.239999771118164,10.710000038146973,36791300
2026-01-29,9.859999656677246,10.270000457763672,9.600000381469727,10.109999656677246,39218800
2026-01-30,9.5,9.829999923706055,9.319999694824219,9.75,37390600
2026-02-02,9.119999885559082,9.4399995803833,8.90999984741211,9.180000305175781,48414800
2026-02-03,9.050000190734863,9.550000190734863,8.510000228881836,9.229999542236328,53722600
2026-02-04,8.279999732971191,8.989999771118164,7.900000095367432,8.920000076293945,54008100
2026-02-05,6.730000019073486,8.039999961853027,6.659999847412109,7.800000190734863,80158300
2026-02-06,8.239999771118164,8.390000343322754,7.119999885559082,7.230000019073486,82353100
2026-02-09,8.0600004196167,8.470000267028809,7.78000020980835,7.849999904632568,67741600
2026-02-10,7.659999847412109,8.149999618530273,7.639999866485596,8.0,45953200
2026-02-11,7.559999942779541,7.900000095367432,7.28000020980835,7.630000114440918,49265200
2026-02-12,7.25,7.670000076293945,7.139999866485596,7.559999942779541,38590500
2026-02-13,7.920000076293945,8.079999923706055,7.320000171661377,7.5,50848000
2026-02-17,7.510000228881836,7.880000114440918,7.329999923706055,7.679999828338623,41177900
2026-02-18,7.5,7.78000020980835,7.329999923706055,7.480000019073486,31304600
2026-02-19,7.960000038146973,8.079999923706055,7.309999942779541,7.420000076293945,36294000
2026-02-20,7.96999979019165,8.3100004196167,7.75,7.880000114440918,37531000
2026-02-23,7.880000114440918,8.130000114440918,7.579999923706055,7.75,33052500
2026-02-24,8.050000190734863,8.170000076293945,7.590000152587891,7.78000020980835,37255100
2026-02-25,8.569999694824219,8.84000015258789,8.15999984741211,8.390000343322754,57452200
2026-02-26,8.449999809265137,8.649999618530273,8.140000343322754,8.430000305175781,51112000
2026-02-27,8.9399995803833,9.84000015258789,8.930000305175781,9.680000305175781,102354900
2026-03-02,9.449999809265137,9.84000015258789,8.4399995803833,8.609999656677246,70189900
2026-03-03,8.65999984741211,9.15999984741211,8.609999656677246,9.020000457763672,51493600
2026-03-04,9.289999961853027,9.550000190734863,8.869999885559082,9.109999656677246,61065700
2026-03-05,8.56779956817627,9.09000015258789,8.5600004196167,9.09000015258789,29642279
